1954282199
5382598367
1750659310
374177832
1509550460
1483521935
1830481775
234719273
1176596290
2199855054
5426966427
3060654968
2222336154
1494363206
1947626966
5856931936
5758325125
1733686615
2018276251
1380572685
1462275718
2067486609
380385997
3213613530
1401617121
2005487923
2100275305
1392667518
3983820208
1543309832
1331551781
1827218362
5714407557
227053554
322729483
2253297533
1831298958
1579182406
5853161012
5592061048
1557301150
4987479924
1925661388
1564878727
2279188329
2079509697
4140029958
2313243295
3230415103
1541696480
2291497473
749536941
289662155
1537379614
3179014486
264003004
3251038997
3263082826
663650928
366376540
2262793359
1556865344
2314100162
1257236766
605740017
2860928226
2186428613
633038380
2350202741
1559911159
1906143938
3088892407
1239835426
2822110061
5532992525
4563593479
3703481135
1821116245
1766253385
5529324355
5656174124
1943330923
1522396882
5768800174
2096133249
2929310201
5342283409
1760801997
4829640602
2156981884
368746565
1913466172
3965617706
580006950
1293570968
5792630768
4969839372
359995991
5341189482
275761806
4166745601
1509022666
1450036488
614658295
523475226
1362426473
315278478
1472086039
283910051
1684881769
5387686527
1449065109
1383923381
1462084912
1959364789
5816542363
1487367942
1359833631
676766673
2236240157
5508964078
1663637440
2956246574
3302332854
319428733
1600489943
1397966347
1187572292
1518444254
1692360495
1006000189
751600558
312207069
5759001872
47754400
266271093
1678150156
1902697380
4455924058
2060222748
1504380902
1344683890
4729235088
3022958709
5319156075
4867825577
1460206851
236301987
5375027890
1733720922
2363167737
1646353451
789258796
3638027756
1380553184
2935777678
3187477930
259632882
4642529677
5610073497
655055564
2030454406
5497349794
5432972958
1460074874
4374445657
1418978477
1164896251
510938096
372185205
883220870
1750540551
1209148916
5525028874
986870197
398033222
1929516452
3896387409
5427634856
1421396608
756519324
883044415
5456065215
206878632
5455461691
5445252536
273088080
4467812742
1505045914
4168132781
5385828483
289347833
1562376660
5387457401
1664188980
1172808130
1190319869
2027804146
5344217030
5340439263
2223440247
5246318393
5035937736
5327366094
5135307004
5122069456
4251596145
283472177
1639444905
2225055506
244589453
374024320
3309263396
538138334
1452958104
1136313311
455017536
3935774551
4525742791
3263970895
4781378560
4146794796
603556031
1552734768
4416678893
4736383351
952075827
2028502354
4724652897
4711212317
1159864285
4576244238
4705774358
1785056770
3304220316
4675400531
473573211
4309493728
4666789285
1014802949
1609822302
4632898505
2047841879
4623222783
1940179736
360108595
3412019486
4474439602
4122270904
1414288450
1431877128
1954882795
4513533941
4503365323
551210787
3056866585
339781757
620156675
1536537216
2631265445
4204799541
4466743326
719090328
2287575386
1402581852
3878812949
1291380224
1743553758
975924212
2065864142
3916168120
2330235382
2176603206
3100054571
754304602
1468441940
230871108
4010638062
1067554622
2142131746
4162250116
3959533861
1785656615
3320972413
4297584929
253769000
1429449479
2566282940
956120205
1669809556
4316132957
1644968275
1909684046
1043028703
3981520356
1917310852
2295949923
2125822787
1572588868
3611710335
863653392
1750865617
1128356538
1396513434
707212816
1161479377
2339490203
266561519
2096779898
2284323824
1485721781
1705170744
309232153
1608120274
4188140662
432075817
1996260420
4005533277
253731904
1365480299
1950294295
268308077
744288316
3183321913
3067440866
1331799117
201883779
2969715063
2227116663
1202271700
990764569
1118941513
527226507
375179654
1596099275
3589071037
1429377947
1154446815
2036357515
500287960
3028524446
3726200252
1414092660
2097382967
1030795655
3689314998
2302656877
738824517
1590969085
3961259063
4072157438
2251633701
1451777649
2189372787
250492437
1723718620
256428299
579392728
3248159923
281760534
1434444793
2463174512
641136304
4076787002
4233976958
3034001861
305132155
3047659128
1545069015
1538025861
3121827452
3526293261
1979605330
1987851692
1240077788
1779575233
1395340978
567331993
1556492581
1770086994
1440883755
1611523813
4271897018
4233601535
3015197610
3084373321
1527725957
1046475702
1252558695
43812124
4231973103
4233532349
4211486829
3861215906
2240626411
4183383896
446401781
4199974902
3011212557
2210374760
3295558330
4196848881
3100623227
4131854934
4053061471
4093001968
2289627573
644277150
36616750
4023902856
409792636
2176520995
248104165
4001919444
3996044571
3962775653
3217302665
3197065666
2284407236
17508052
1513063213
3262478140
3702546001
3677849287
3646418339
3185080333
3575994185
3627668060
3537676518
1814634613
1234757997
3535992444
3464189515
1252395930
278681291
3314816430
3281892488
3261800088
842148114
204735757
1247076278
2963748846
1540690214
3188221856
1185094449
1196769175
1960706960
3103937521
2155248779
420779545
2251725758
612030834
1273840214
1499207214
2176590468
2988191062
846886867
289058798
30825349
2939037942
2917514663
465987075
2766356364
2102814758
256819943
1588226784
2228206294
506715842
217073369
1756066960
1182733204
1440795040
2283243679
2460976640
244780603
1564130136
609296763
261115329
45707855
2355391187
398277794
1533816224
1524663195
1291111464
1244202979
1650332340
175139021
612438336
1514747794
2047531996
2222933486
452798435
2033818921
37326616
973810014
1463972596
609667319
2308644207
272877803
1757915319
419996576
1384236022
1339704051
251722850
851503754
241294998
1493229832
1364754352
1293234942
1092016521
2248604806
1951358340
1493354133
1144090174
1938468281
1940318332
512561448
1697409222
2359474489
1369119224
482555809
2179366191
2142604710
2232997035
2337896798
2322430631
1483888949
1491590987
2280830264
1537092685
2313881032
1470998071
1828858656
744915271
2023445135
1599720843
2242608218
2242588182
793423904
2232564624
1150792300
2208076570
2205802866
2200757783
2178695950
2176536956
871421660
2164409238
2158594631
2008370937
2062762562
2062742033
1966285919
2111038747
2113513618
2005880451
1969063255
363610698
1941841642
2033016121
2119665045
1539437178
1912926097
2006519945
1944111573
598291385
1965304316
434921792
1956885892
2013283937
1962474890
2100851145
2032430970
1926807226
1328303034
1822163358
954723162
1811094309
1806580729
1732835167
1801266106
1187277518
1719824671
1789112870
1782108781
1773012821
48842790
1014443025
1716332131
1708023533
1708015077
1603647875
1575413947
1282239926
1703003159
1519484718
1699856275
1491334982
1418943100
1688425759
1622416257
1673753325
1660062416
1652559813
1649381692
1574001108
1388359135
1579913455
1523179182
521627056
1542724294
1577401403
1286484249
522828582
1615756045
1339681868
633021336
1597820261
1584164831
296609398
1575382805
1551392945
1551087544
1550593436
1337976384
1547120641
1544166627
883270309
1531901136
1531408005
1527819173
969360824
618629271
1513676894
1514937908
1406125530
1511778634
1504658383
1508356631
1506431081
1360310563
1200813299
1384380092
1477245700
1164511303
1480491505
48971527
1463975594
1474385550
1387256551
1132362514
1280093758
1334794336
1418402831
189643113
247259822
790797552
394457392
842462419
1453395364
834010425
1449717213
1364890694
1435643422
531702551
1454916718
963028722
1456739511
710693618
1400947749
501170073
352003638
348919591
541582484
325662485
213609126
1259880058
282690264
762842538
499223644
565793611
1296783311
1367653321
1277802177
509464648
1135284530
47236361
387746279
305918057
271535800
1063726739
387274540
345061105
1067140367
814205859
205629045
972022838
1330783913
482495463
