1694335587
1595058491
5808846766
5784727574
2060222748
1748551736
1477074600
553819902
5553365559
538024464
341191733
354241460
1557500358
5698749110
1281786203
1508278461
1701132310
724018910
1667239307
1419953580
2285111602
1507776320
461518462
524103601
290482770
15953950
628048000
4518571021
261535923
326647195
4164347528
1322988945
1520200421
1559975239
435401490
1638179198
1435213587
1376996467
224895962
365932627
1508193394
2211009167
1474934318
2209453101
2235410885
369966273
2020367502
1378146765
1042290780
1452358988
1552652109
1038608545
2988041480
1520113491
654421057
3195433441
1285728747
1015000429
1509511502
1811612671
273559995
487808978
4074177775
416338923
1560683227
1356635907
877398388
1792779224
1609803455
1416091260
2356631637
2956246574
1504380902
601253222
1297008454
1212101305
668856276
1715841932
1526280052
1692578791
679533252
628971854
1244045466
1337409
2313716282
1569246682
230778594
3555286043
1026399313
305133643
606978813
709845404
1370141484
1331679920
698153608
4455924058
429874758
744915271
3528426982
1233133619
3936458414
1479618785
1078467521
1517124732
1055536922
1014343334
1388368241
3058306317
1914261970
2801314702
494084899
443981420
2260801489
28195736
560320805
1495079246
1332943321
1522396882
1902697380
1678150156
1979605330
266271093
1611523813
1054936339
4231973103
1404386698
1213526188
1276632600
2962443856
179722493
533541355
1293429327
2003424096
297167398
1739723327
2671626793
459765183
405780646
1260520524
2272936082
1502777473
1664763963
365489276
1993325789
1199890791
586962162
47754400
1547131717
1540846962
967976070
411969532
364266363
1121309671
1753438919
312207069
2140566645
23463528
1570168473
1448241439
341058215
1187572292
832622613
1099362639
216308349
751600558
1261967493
1748695909
1051543999
1451476066
1361364124
47951438
2003396649
1679044077
1214510908
1432709317
3551238212
384584302
2235363814
355517273
459924875
1374064181
1316236214
245169508
1046773825
1638835842
307684939
1744012688
1414044400
717674208
1518444254
383357411
1387037489
515344430
572069421
3157257121
3255374570
311080843
2554307961
1692360495
1472606580
604822558
525808565
1397966347
1558783157
1552273673
3493726570
525385717
195649186
1528863423
2143261979
215118385
1110811301
267501262
272573554
1386914170
1755129085
1425635906
1373307435
1527830436
2191331171
1089224295
1405612904
896645187
3139690424
1136131365
2182511924
2001959898
870966588
3041928615
1125868491
2463000608
3095012605
342979536
319428733
1465453995
1435444191
680334514
1333182039
1911889182
1600489943
684342743
863447169
33197961
3414061992
3302332854
467057620
1283364069
614658295
1656962675
1224282158
418337174
419815943
3045365007
1139805303
1324655200
683376773
1260189336
1984546980
1273510804
2087435660
3235818172
1055698493
1397997426
2192877502
255154652
1352713390
764048116
991083068
213751423
729757188
301479134
2073036298
1814698241
2366247453
446518837
497448181
1437627559
522838022
2252608170
3102790526
1697554370
2180467043
1017696010
1359833631
287306515
1698541838
489326273
2058210905
3074238969
280818176
1490287338
2988141378
558893538
1413142057
538610680
1471536533
863146081
423329132
1014443025
2322430631
626314281
2236240157
303740855
1463304412
1628410028
1684767701
1457071243
364239954
1716838413
1039031091
2367777452
1487367942
2325800556
1037909324
1726723392
2277820970
1326966466
1747359947
1663637440
10480199
2044310247
1446642147
1375671634
1308092658
316767584
1471806678
911035972
1220311233
215976512
2096934716
1804226453
508583403
2190562853
1423544114
277221559
2150314744
1259901387
774819755
1367447404
544821539
306460615
1510579305
1796263681
173560420
1411690486
567183807
564927077
431126550
1630438181
646224146
1197520324
1223491176
1410009212
1539044513
2033094973
544454466
1921401436
1957831996
1414312368
1482336589
716576672
1125835095
569962943
1766066459
768759363
1291143071
1378439652
383383421
1481521086
2097413046
2126211169
1209549298
270477390
1487088666
233853455
233409453
2104464189
347216424
1197532564
1492654368
1959364789
24657897
627697616
327248890
2096133249
1318358487
1942014426
1964523674
653883141
556957679
487459533
1746702503
253625977
1511153756
1462084912
2017283394
2001681529
1383923381
400524273
858130058
1698152345
2051650460
998992957
1556601432
423443006
1539190217
1989244749
673422532
1474824990
1552043361
1832621637
1789480717
302920492
1549292303
1825310482
1441782539
287045172
1287006597
585669230
1713157402
1188267996
299249586
547796756
1255201818
1156835187
1782322811
1435426847
174562400
780436402
1232730662
541774519
1522034169
520644977
488260269
382919110
1449065109
1072092495
1510475589
1294826614
181373529
861727784
523475226
468922195
1199756930
677786046
554186901
1717437745
414511723
327168210
847664924
830860715
507153611
1373714154
1418493845
542825311
262362031
1547120641
1249798930
1490576131
1472054707
882869455
1684881769
1552014166
1354638275
303775482
1693761731
1401909206
1685899874
1237837752
1563774995
1094789893
492075570
1560908718
678060421
522375276
1494097602
1477150305
1625784279
1287777475
1509022666
1120276090
786054374
1427490591
1516068308
792819161
390453799
1599499873
1484351712
259403915
1596286044
1595046370
1594352558
355870622
266650778
1058941965
483832990
1362426473
861642539
1512521375
835725801
462619536
1449805681
1378137237
1537114933
299664426
1283593999
1531188933
1526801029
1504658383
794864610
284616235
1498091352
977803890
1472086039
1367653321
1422729032
355698332
656118581
1450036488
1448868358
1133820190
427553890
412427235
1164724319
1045751276
363869785
622185810
1382962250
1431941052
1422828738
1419538842
1367310501
1017329584
1246345857
677247869
1325229400
696470623
1010363090
578397970
967261585
850325274
1143570677
589728167
1238481045
329339612
1130450763
957332283
734436339
364411757
512561448
392774870
522650713
509464648
144767271
265719288
404249010
348919591
455214725
283910051
388989493
332703727
475730259
315278478
338955863
