1325095579
1355279736
3294546778
412151543
3721306571
3818378463
1819449599
1724811575
5519454549
1437365301
3202945266
359995991
274445815
275761806
5341189482
1913466172
2525810366
728503913
1943330923
1361795812
482187577
187657621
5792630768
1096294061
4760665116
392946890
1427025189
531200703
1277851199
342098505
1293570968
5375700977
1400589338
475878481
174433942
143935160
2187747959
1075230266
190226219
1220545314
199290647
754447203
580006950
463305183
3965617706
5768800174
303828620
1529645162
363572822
1782394001
784874146
1439708674
455628908
1612575578
4068480065
2138463088
1272102898
1721746281
222821745
4838374945
516230987
354241460
968401610
2929310201
1356635907
1697323466
178580542
1812153032
684814662
5714407557
874107834
3414887447
868696436
173714706
5592061048
5528926449
3226256031
289662155
1464627307
5680769285
5498929283
295898456
352366180
5656174124
1760801997
2037653081
1413833013
4053846913
5618574714
5382598367
5608930766
2156981884
5426966427
1821116245
5595331561
4829640602
1349953087
817063054
855593384
5551038533
1539838566
5543617538
2264091465
1491020144
5528266799
2368103739
2993987509
1488553909
3240140800
368746565
1372501305
5463083057
2149370889
1577120173
315503503
2032834194
5441684939
293346542
5422083858
5423079993
1375975528
1171453756
3215702503
734436339
262590060
529066332
268460766
545107891
4759472713
326630080
1504690663
3069483147
1294893316
4669218175
1297053256
1279516242
333458525
1442194917
4202564455
383357411
40912053
227922180
5342283409
5330625492
1533761018
2276383647
3589012840
2005449990
4854448336
2169627610
1766253385
26669533
1578475117
3955849139
3415812666
299249586
2315609067
1909020391
1300934279
4658821749
4641279517
3481051571
4628806780
210541134
1530423756
4617688419
2275774132
2210407111
4563593479
3703481135
2232736264
4544841505
301837157
2508031040
1809167167
1505807991
1800914776
842161630
1266759440
1577232731
1123345373
3286685548
2073800094
472823290
519472684
2314100162
302133784
1473907931
3958297006
1933876513
3322343267
3788355445
173563341
557588066
3675946815
19090725
3621520288
223778719
1478642350
349861694
369134300
277221559
1999416398
467057620
627462468
3507408634
487808978
1249384936
523743742
351387038
1429053728
3044512471
3047717397
1902481078
47433949
1421491576
905902579
1128171047
315216153
1326859373
3269664484
1039354569
2245226387
477091367
1374604020
3410036780
433204762
3406487131
1374464558
543410214
2180190934
1798929349
1585420802
3287615424
1493162408
3052307527
1555897320
3306062193
3317156806
1579095051
287052374
1219014568
1110811301
947232478
243800587
643148234
2056692011
3269334112
287033832
2033102683
3263082826
1765506328
380385997
1596229340
3247192854
1508491932
1024606533
2107903154
3231199993
1577351396
2291497473
3251038997
1527764422
264003004
2008340502
3188239412
1220937239
2019038763
1435030373
3250231392
3250602454
45526313
1953313326
1468290234
48913863
3237302862
904426992
2467810382
1507497816
1435414608
3242310161
3243092215
1125659102
2253297533
1208386803
3235038243
628253526
1557301150
2126721999
3033607189
1642800052
3050302380
2308392993
3082001787
2711782267
2275808834
2249653737
1537379614
2231170255
1425856426
749536941
1528821338
3228802787
3230415103
1183067378
3223596984
3227074900
1551697272
3178017843
1308062519
398988682
2931291109
1564647263
3204464599
3205510589
314113861
2079509697
254037846
3213609227
3213613530
3213803911
2045956816
2053938380
415273706
518206808
3202818352
1416796134
2138219542
581213829
1989172002
370732544
213712023
778187901
3194441057
3194803909
3187713556
387463311
3006368596
1462414756
2340137757
1564878727
1589353309
1732667637
2106474976
3171839141
440697076
1912116969
3178741980
1821327416
3026707736
3175747025
402196598
355849106
2822110061
1633089783
3174110397
1507294745
1461423998
3049493374
2903371684
3172482253
659580404
263071329
3058228151
1193578233
1961930661
3169812333
2308201710
1925661388
2309935419
13869875
231210689
811779491
814382288
486751730
1281192522
489080078
1075086717
767281592
27630280
482303710
799674503
1317441858
1010761708
321272031
550850156
1427974172
691635354
519855970
394381172
784711572
1153950747
1115905447
1710388569
1037864465
2283259311
242014480
1388587804
192337919
384092379
1516254215
1907306326
2294923882
1947411625
1494341925
809122256
1947626966
1651898094
1481370343
3168651635
627905693
240174025
922742166
273150340
2106034189
3166625438
1437545824
1162845250
1368531028
1915264215
2219055311
1494363206
2105683894
2018276251
1538071940
1462275718
1099596034
1835151530
1803305723
1758831425
3163559429
1380572685
590625250
1530793169
1046016020
1976890470
1392777903
1387209286
1077738323
1502307451
2171958048
1733686615
541723008
455465167
1187123915
534490598
1929137529
3100897781
2222336154
2095076893
2360044454
3146370339
3148062284
1734656460
1663487337
1361360273
2104279183
3153224447
3153464921
525740875
1814549775
3156453049
1091111632
1644632299
1419728895
3157323095
2769810150
1423845577
1501725478
1111104475
3045397800
3162063555
2256929245
1689777205
3132314912
207218956
1818269690
2442173157
2256720150
655151656
211870884
588364231
3155986740
3155242511
1830444601
705912638
1372429483
456713100
2237730519
539940947
182617170
1451191876
3132184530
2058314780
339475276
1047697267
1127926582
1108332817
1390576866
1385010545
277608455
322478849
527519110
1415437771
2026898451
1830555474
2539287357
3091866476
2957912570
3129976324
1200709072
1827218362
1236023827
3109719730
1831298958
3022198128
2037600103
3116401711
1140526482
2272642726
2279638320
1559911159
1317366125
307329383
2300702671
3106408181
3097501365
951538525
3106988114
1443909195
1239835426
1479729162
1661553265
1642578129
2217987580
1005957315
250299104
375685976
490810593
3079606956
1557596641
1420135209
1561042152
3088892407
1820651925
227890044
2199855054
3092420349
225966619
3099014923
1246402042
2889290350
1587099608
1450685149
3071346595
3071987205
3073110964
3073194245
3071539776
291422476
1750904468
3069787827
3067917485
3068016429
3068153871
2220423896
1446796295
3048809060
1568794222
1046128037
2363312713
1187600390
2999887987
3036798797
3036234690
3037089367
3040159479
3040324339
3043286420
3027191256
2361730036
3045228214
201251499
2952082713
455618807
2509775226
1176596290
234719273
3050064485
2254306609
3065497577
2331772613
2981022964
3056909809
1443712640
3056921618
3057017369
3058486517
3059026144
3059045179
3059177671
3061328108
3039191225
343771701
2271349342
1647371229
311085605
3013543605
3015901876
2089490106
319846387
3023826399
3025056187
2106592419
2711763208
3006568569
1258050236
2987872729
1908501648
1942776876
1830481775
1435599610
1700925676
304364827
576877032
2978962749
2979938071
2976203761
2981996182
2972028248
2967721734
386646922
807114789
2978620692
2974239467
2291659078
1118452582
2956277965
2956983710
1925576193
2362362454
2959457639
1535778308
2963072671
578316376
1264135105
1305054250
1553625523
2868994950
1405583507
1702205028
1033023650
2945527722
2945127719
2328486785
1654395765
1535333618
1480412880
1596037355
2928269699
2896068575
1206158102
1278371190
1984899473
484525420
732268733
2159726399
374177832
2923400684
35223059
1341880343
2148649636
2907870483
2909358918
2131491460
1440945675
268365477
522434278
1137906468
2890578936
2894990331
2012045157
2875990066
413700072
2878954403
2881368217
2154312891
2874045347
2870128669
2313217969
2867270649
2867566962
2269674453
1906143938
2186428613
2865247154
2818420708
764304126
2848831093
2860928226
2101718018
2106193464
1535161248
1764981357
2314987975
2337515635
2760611528
2797858432
598946372
294894218
240174905
1464692250
2633746236
2714567806
1836835989
2711337679
1092307257
752492460
1458704478
2701031911
1672796600
1545410122
1472768588
2677488051
2667494828
2632828035
1332720261
2300467537
585047160
455978745
267890937
562934523
609378090
523656289
2673636229
1666575606
2020874506
2175786581
692881897
2546809616
1646654225
2624126143
2642128192
1128589308
344291626
1422448705
1568988852
455578401
1449087337
2110066961
299584252
1402403451
237880426
1956574411
538032011
1010101341
1481352993
761433105
1469857508
815340008
294147912
659569241
2533287625
2333982245
501369169
2527149366
2528760121
2024580067
2012374055
2521587640
2360209462
1352328708
2517918429
1560548582
2031081625
2501663635
561275480
2508366965
2455338228
2456735026
1779621032
2459303889
2463126635
2493538893
2421857576
1451308990
2355458970
2403702828
1956699383
2363276167
435009203
911134477
2267620180
1701689618
1438718637
1477878466
2372235155
655102479
2155588420
1433869604
1579527699
2031296595
1289156439
1365954245
238964915
2239122228
255424908
2368855524
332867202
629615045
631104419
935843444
188234840
2307289927
1989722133
1820944511
1580855361
2363277332
2333759777
2303602041
1046773392
2358496130
2358594703
2359760794
2347499792
1537697715
632079658
852915098
2354772526
215908531
1546335783
486282718
871831384
1556875425
2314645389
732909250
1900773797
1254656273
2354056569
1416741824
193418343
1166730643
2297698623
25025320
1359734346
2352861561
2353535207
2350623142
2350202741
383564208
338746944
689484300
195343872
671383293
1457684985
270159575
334169189
2349410152
338201875
1014343334
1299716329
2344675730
538335660
2239268087
2343608833
2343499534
2343274549
1401067908
2340620824
1319820955
633038380
365030477
1652894773
216081692
1369436172
1417642771
1586430599
779918607
547906333
503856418
548148465
477281865
1226879728
19323814
1243893642
1519072696
1279408821
2297654587
1594555017
211784034
320854079
598772508
548282133
1230362178
749545169
1053992232
375636875
350931849
492059860
387339555
307374006
553116626
1902480254
1235509385
458919440
548175653
1364009193
283790421
259473163
240361105
1773121900
1331392041
418565303
995361823
1336865601
331393237
1476497084
289815465
355196270
717283346
201690549
460906110
374890696
1732670974
1516168190
2328619851
2329245858
2329359081
2250201951
2323961600
1952489921
1715035941
509832614
1651071264
2306998234
2249557807
1416259280
1584429978
1960267702
1378439652
1143570677
829700303
1130450763
309864041
1751525864
2320691145
2151548360
1733343051
297674498
248436472
1452095545
299277865
1213789717
1224720720
1050579206
367508858
499215848
2207984476
1647906132
549832652
2107329753
1112562881
411275430
739038671
898413677
338820659
1429237051
408437862
1638349009
1344458917
1134388311
2236581837
2013652095
2317669676
1415208863
2316500317
2222179265
1664674483
300679566
1679274541
1424274986
2316276323
1528863423
1990955131
1680609298
1723893839
1013954912
350026353
1478124805
1559066078
330386641
2316167709
2316155695
516417671
1268140208
365736442
917524268
1187620823
1582401938
312172826
365512886
199912188
261803401
541427595
334025854
569920421
656064661
1257236766
1519160229
987410098
330655812
308136275
622441081
548326592
1128032937
470530216
232736450
255437222
644688141
948030479
514959296
394953780
457227722
509758745
1556865344
1755129085
2314204697
2314218155
2314651250
1551462701
262500248
2313243295
291943706
2313716282
2101868782
2312491333
2025236716
1474896067
1930456096
240868966
602199253
801998689
573840723
1977167172
1637363025
1030294642
1404391348
2310332851
2180410632
2284815337
1957672227
266124102
303907384
1198622055
432835140
1609102882
867172788
388976931
1689187831
2292979650
1933807266
359276996
514701404
388191008
464216988
1439369231
559029517
520973722
523828438
560792212
217593901
1770709116
551135297
376266719
1022831982
529110044
513168770
508383636
935528549
1394141855
1002505955
494932322
513342585
457268521
253948624
323589174
492203157
1018410703
351067244
1411373440
447184294
443020955
400225450
604720694
249237884
437338840
491959488
354163155
1101658040
1257487115
226170853
312212474
625267253
853360605
505867655
364265970
1651162807
840875681
1419890261
305288463
292888326
298970857
213718802
879515809
473029639
202207000
217188073
1536077696
1454554968
270220043
371331463
2167118914
1383062855
2306919983
531986993
2306746801
2306873110
2306832563
264872815
2306823779
1496785318
2306611880
2267454108
477236245
2119533992
325988573
330399797
339727201
431977450
1676351847
1251453875
1257687514
1054951639
505409981
1072618444
742855417
831416224
905233150
322095851
1535114255
2305116603
1465645643
1722709056
1292042561
28950228
1250797954
380209386
234866824
917875213
1118369368
2137670038
2304886946
2235089498
728644865
1309179145
1282252053
1120070906
1672193927
513309363
1002860289
1133578083
260382450
1173660038
657486877
581883297
1457428490
515006533
663650928
1378129221
603683689
144060549
1808593048
549608540
298411070
853245622
965647652
352084613
917495905
814081516
401290385
2303431533
13734758
334956070
173852189
1392836580
1755498713
448007718
1507703829
317186918
558893538
366713741
400016887
666621258
1292077346
605740017
1508269137
878869741
626078068
544914468
1074002200
1333614000
2253810854
1772081984
318795511
634785715
1171138351
1495564002
1447925434
312349411
1502378334
1237611194
47305685
513313571
368066493
1491051209
595990977
202962772
2096934716
770528209
204722237
236069938
792562273
564248025
586962162
1434200750
700275915
1208177056
1423389829
1099835733
1163940562
1266077397
1760125003
852475201
1002307974
1380367934
201283550
250686997
259520612
698853336
1089224295
1555349020
420699473
441205602
226618735
346890535
666908117
403234279
1638990292
2020400043
912105474
1217305275
456936411
1301728316
1409850496
223658395
1779592024
230119532
5881473
401324398
2058302339
1280181080
146138417
2079051239
325579481
475372372
523715630
1461445598
390453799
713755777
1315568559
485403397
369914841
1303698391
292600993
656118581
1309034329
1197441128
559031721
1502467249
905620920
197914531
1374763060
352754351
970806804
1075644065
486853902
2158390669
774265898
2102890188
568870276
1482589709
626208094
2299601739
2299240457
2298737780
230778594
1251265795
2294661268
2178296711
797280421
2292828974
2280431410
1437506073
2291805121
1595674052
2291794712
1101741083
1540976353
2290368731
797282407
1519526487
2289072879
1948356845
397761653
2288573684
1964627839
1370389243
2285178903
546375871
724523273
1129274850
317133414
1937802222
2282164716
2282400144
1753093159
1423896043
1521162210
1601270619
301087023
2271686980
1174123327
1228572742
2246297684
2060207867
2278994705
2279188329
2280955634
936459627
2281166929
2038299158
2268280006
2271084755
1752778462
425921643
871761478
2263119193
2262793359
1994611008
1356996145
1371724483
822725293
2274509968
968111410
417518191
2271379676
1715686062
253071874
586193347
1609574558
2255870390
2257002274
2258967090
1185622759
2259695596
2260640292
2254244577
1444407914
2253248975
2240448082
1498003672
1820438364
2252399609
2252441769
2238281595
461307208
1219295715
2246917582
2247063597
187202357
1627329706
2249440207
1538761650
2250741578
2250234568
510975318
2244500620
2226840683
2244865661
2062476195
1450010092
345788145
1495107626
2244249148
1224449242
286197807
1521158816
2241444096
2241702335
1127948953
2237674898
2238820415
2239764357
2214560111
1489989758
1538873810
28214563
998722563
245169508
396519634
2235363814
2235801223
2235905884
1406534157
1402803656
1527245628
484564683
1735784849
1639135721
2235154956
2234591971
2234068527
2045709105
2234166800
795835380
805554223
723596793
1929171254
306313565
2231369763
1429454632
1531415340
511961656
1196819697
412266635
1570688204
276267597
242107324
1516392422
2060710223
1717717253
1382274296
1190175317
1119889389
265551071
1608950297
358495431
37293403
1359254855
501920331
516209255
537186372
1026001830
368637809
1423519303
476927607
1278155383
288560981
1385550384
1578392161
440943653
2231182784
1217045674
1913336046
450024284
1411374248
1432169634
308278887
221507669
339887214
446569210
1210703166
318726111
1262868018
921410707
459666843
2229458043
2229782561
2224149162
2192215325
399358941
600434479
2182893995
791428648
1128492680
26991622
610252451
540231021
908410778
569962943
817797627
641198573
367350495
271413395
1188267996
1643181084
270521239
505779411
326209448
2058744743
735745838
308318169
318780780
1251906003
187668340
249779717
355517273
738374024
26954032
366376540
1798408123
938124187
26047468
847730742
468837127
1541696480
830860715
227053554
322155611
539594645
216597039
511297556
1113313370
210345340
581918888
308157382
1268266196
592788992
633844702
279527032
1258026091
12778491
1536897306
1025928332
265079210
1285376428
218029151
376039082
21309520
274383810
1411006032
676599670
198671048
2228331841
693653614
2228297498
2213171700
1463967065
635391389
1722748040
1538557297
1167675728
1429262369
266711152
2112221464
2127694109
566345331
1126074544
2112124993
1088243584
559626301
2125902013
1088184562
606057129
2226066711
2226087640
2211690059
1483554478
312426754
1291804605
467164190
264053122
676887877
272013310
1101251965
1315244279
2224745117
2223580726
1529851028
2222936998
2222373059
2219096641
200682385
2218135681
283673875
1511299026
1547178601
2216557682
2215603201
1458384000
2210097220
516126898
2211805206
602229603
2201040543
2126187695
1441433548
1332742599
2001567228
2207827878
2207931463
2104490577
1382700700
2209145696
2206222585
1163765195
1323527241
1246070633
2148480540
1386665609
1526653726
2182631626
2183194523
2055945129
556272798
2143140608
2189763631
2048376906
2196396187
2201496000
2203982184
2028180930
1424936270
1141501278
907467536
1932449105
28907267
2169167594
2172031181
2175658411
654833075
1438520280
2164030147
1564073207
2161238244
2160008914
2158074061
2155129194
1824960221
1509680318
2147554344
350127665
280275800
2017129700
2143208872
2143261979
306723779
1910571803
338972564
2140908293
1671885673
1815455471
2101559069
504630406
1461982819
1934771363
2084405943
1763113996
2025966029
2067566949
1981167134
1901953881
1272128048
1104789473
2090940268
1417598621
1557988924
322729483
1208581112
198187584
1103200579
1144862405
228486528
402878081
1977779423
1939827030
244946585
527593487
1965851272
15910805
44786027
232192182
13002279
433852862
294476412
5749522
217867189
173560420
403523417
1535090664
232891179
1756749631
472933721
222239959
214024124
192992107
345604759
13460080
963986569
12647280
856293101
177890442
507929975
1521885756
215414535
1212671288
46286420
1518284433
198661131
1528474350
1477762022
1442145810
427553890
178214645
496865116
290023231
637874562
1403413933
1467912949
1480365551
1386939436
1467212949
2095800983
1489872339
967976070
393926479
532039570
768221200
184837452
1985925581
1479894404
2135926798
1967513265
1928332417
2095934466
2086346906
1950741427
1404611027
286582405
1365223920
863802131
2029906204
2096319201
2010270425
2067112284
2109912601
394209195
1992715767
1644600890
1391375859
1992060959
2112299568
1948697372
1925473594
2100275305
2067486609
1832328257
2005487923
1395135407
2075093645
440569854
2038631247
2041039911
1923072079
1765464645
1959875864
1968675899
2044613503
1954282199
2011885147
487351754
761036783
1971446997
1914648029
2086250164
2083825143
1920195174
2113033620
174288688
2017032889
2073036298
1994251426
2035051454
2067054553
2054653271
2092669952
1985469129
1945068564
1928663975
519629349
1969451518
650386606
2031454996
2053457793
807523521
1271392574
400397618
262982152
1999004326
2107777306
1936585978
1913781826
301643835
2103789757
2072998783
2047798849
1914604453
1929006703
1995413658
1909015141
733609154
1648758373
1961405781
374263007
522375276
1972559896
1944952801
1156769980
2117365445
1947365829
1796253079
1941354797
2078954260
1491835908
1273971977
912837986
2077709371
1690780663
2018538241
395616662
1154195394
1982939698
1948143434
1985345716
2109752522
260592059
2091332836
2061730789
2042102528
1387228654
49306021
194612583
1457791293
1916514620
593893126
2041325577
1971286021
1631099659
2100093775
1536405769
2133288477
1756793215
1187667588
2041683934
2017283394
2106875884
2070876976
397133377
2022452927
1835937155
2010062252
2117670275
1007149898
1926074319
516764250
1928857756
1990460941
1990452673
2073653741
1055215339
1825761143
2034835665
983355258
476536699
2000847702
2118450070
2089652148
2117239015
1586897306
2065637125
1096104555
1523214217
1992402974
2061604049
2014009653
1945614250
359132951
1836956261
1832393333
1832353568
1833245035
1834171073
1759760890
1821872985
1817776114
1820987850
1712141691
1331551781
1789602748
784193601
418754596
1798423387
1803472843
1804226453
1255201818
1785794891
1777530348
1773065185
1767068589
1768391522
1768537729
1768629637
1768920367
1769888256
1772925062
1772832621
1285691407
1750659310
1507732180
649880265
1742418133
1721297496
363051982
1719127735
1715205872
1713424526
702312640
1350602318
1701108958
1700903456
1530379040
736879034
549083166
1710141680
1708268128
1362829247
1150756398
226778297
1693754369
1500353004
1694927397
391343549
897516414
1028426210
368352896
555593073
1689636985
1689475219
386540873
1682599423
51271486
1485936958
1681220200
1385787946
1571205976
1634672126
1645800922
1655583299
1402658319
1658230056
1509100821
1235500965
1657110498
1665446786
1663282851
1090918194
1675037620
1675775893
1673156762
1411794307
1665390074
1668232087
1254755978
1654976696
1085048785
1648536625
1652904038
1592887980
1593362841
1602426502
200365415
1651001598
1382573872
1455580638
1640415103
1422729032
1593471181
1439374736
1637476260
1637609568
1637212901
436652323
215044510
1631986170
1631385017
1107678667
1625785425
1631194798
1555385749
1624583899
1621768411
1619820528
1620024763
1604959925
1613463553
1591084299
1450271564
1617905236
1418148963
1567810529
1619732281
1138154556
477030096
1603221024
1603164806
1603022106
1601939309
1598952301
1122905189
1595046370
1593583072
928380982
1586316651
276755744
1585721875
1530489843
1583914129
780118411
1585233572
1582893813
1577206822
1579340788
1172249658
1580867363
1576916728
1576221215
1575787560
1575409676
1574161686
1573982173
1417002615
1571404168
516018930
1566676426
1481493826
305223104
841382596
1566575730
1172747716
1560916157
1560632114
1560140345
1556727629
1555713103
1553332152
678060421
414483886
1548465800
1549382135
1550348932
1543309832
1543043253
975827667
1541113949
1536228453
1220637616
1493296865
1035393729
1528511948
1528978085
1529638553
1529884588
1530296780
1530406946
1530669641
1530720721
1531188933
1530201834
1484488543
1527778127
1398306357
1517435546
266867956
643106242
1099019930
1424476906
1417823076
679603642
1382390357
1384125911
1385896905
1412344639
1392893182
1394275425
1401909206
1404447435
582240617
395355690
1411137505
402607552
1286683068
1389776504
1037980700
1395941366
1398224015
1401617121
1392933215
1392667518
1386266411
1370339851
1337403435
1337410254
1337671188
1342071401
1360072169
332199722
1362879089
1363889353
1108231349
1366346710
1367310501
1366140298
45081971
1368081906
1272346446
1276035931
1277466252
1259901387
589728167
1272383632
22801987
1233055414
200374920
1265218718
378261291
47560859
1240601720
1241584579
1251032159
1255304251
1249798930
1256208728
1238741481
1231757901
614463094
1194675968
194613351
1248494688
382372327
1213855397
1202320078
1200059718
1195848498
1193699018
1182118136
1175829136
1166292897
1160908380
1160783721
1108181680
1149445710
1113425375
494298702
1096426556
507075369
868085081
871306177
855752042
233327651
635393592
631248551
572051023
610785741
614137922
573573064
557099606
551843082
507238858
547847317
527577921
529070058
428791027
508449364
298283116
501730884
392774870
487459533
500598189
311540866
463131521
442683627
454917650
455214725
359377318
361662963
364411757
365173049
370038410
378700989
386584688
387304029
388989493
317209422
315903521
296340627
318183247
