2874794116
5538107792
628048000
830142034
4518571021
290482770
341191733
2211009167
1520200421
1419953580
224895962
538024464
1507776320
1435213587
1638179198
435401490
1322988945
4164347528
326647195
15953950
524103601
502856021
461518462
1667239307
724018910
1508278461
1281786203
1557500358
354241460
4923317691
553819902
4161234632
1477074600
4867825577
48778613
2093421791
3551370292
293830910
5614976057
5692467529
4942703518
1520512110
1935494206
1150025177
3022958709
1429322494
5642030571
5649962296
373872
2496448946
286496466
4729235088
173843971
2152740482
1192083570
3031853753
5655737105
4143321093
2241665756
5646325696
5654768979
5650000487
5651159905
5432972958
1460074874
567331993
4374445657
2327565690
372185205
1112161996
3031973086
236301987
5513994562
2023738701
1973236721
398033222
1911410904
2223440247
585166730
1929516452
3896387409
5427634856
3615169201
551139792
3001919699
222732645
830651466
2142604710
417521140
2944474731
588664116
1376562936
1448833001
1081720688
1620823291
1479485382
289786271
1505045914
1209148916
1419690524
4584766141
271999006
1301438394
273088080
4628227372
4862305322
4168132781
5385828483
2162176494
1664188980
1172808130
1182733204
1190319869
1518550481
40120551
1611943907
2027804146
3860754965
227553078
283472177
1639444905
348534675
374024320
3279490048
1452958104
543014784
3425237509
288757843
1136313311
1324934959
1947341899
455017536
2219383474
4142235068
47613278
1536014624
418600036
289347833
784209318
4146794796
1552647718
603556031
358350964
344154740
1444100754
362417014
1443974449
451262074
1973646793
1552734768
4115526216
2028502354
4506650940
4623222783
1159864285
2969715063
4062606408
473573211
1619217049
1285184166
482759552
1750865617
1972022171
2047841879
2104311441
1014802949
4474439602
4122270904
1596099275
1916337538
321499545
585090657
473029639
802346029
3259272879
1431877128
1832428321
1954882795
466014578
234091294
850325274
4231973103
3936996727
296098342
446747388
704147715
1089463740
339781757
620156675
573066461
551210787
1536537216
596763601
2035106197
1319624303
1214230807
700275836
846488131
3187370200
1090297365
336505940
1635564779
4403248941
1176498584
303832665
828942661
1138585689
474449513
2290947757
1045988660
3263970895
260534494
3258661494
2631265445
1357173479
3056866585
1587885754
1297053256
1542222373
1697408075
1637248910
1726689806
546116390
3018900998
522659158
1102377585
1211083950
3583192372
560914446
2021244243
555292879
433856535
291366551
479037090
509749045
642477471
3121168459
4401909949
3008194807
2287575386
372242562
3806067473
3897904714
1996600202
1632460312
1487632686
1291380224
1403249032
1743553758
2065864142
1086337844
2225055506
975924212
146230599
4307919600
2330235382
1522209592
2176603206
2289002367
3100054571
3400362835
4035936727
3549762209
3038134526
1346586621
4245460557
297167398
754304602
604762588
2360031573
4092607737
486934443
2253194382
1672329331
505241219
2227578138
1118941513
1468441940
1067554622
2235853609
2142131746
1548432392
631705705
507096526
2211836436
3541038171
2437512348
4297584929
3320972413
1784160287
1696220672
1669809556
253769000
1429449479
956120205
2532094189
2154287693
1513063213
861003962
3565586581
595585
1274524146
1640119966
1644968275
1306205587
1528188319
1979062592
367439081
44059601
219279091
217867189
1281940515
1088484463
2248465041
189413130
1089943391
1281945932
573255528
1605553626
1390184372
2285877684
1536267869
3063951047
234733993
1536233435
1476742120
614547925
2230856754
1546167293
335814937
3613743381
3264477654
212402394
2220178139
2361593059
2075628222
625346616
3441107479
1823585202
1194031791
743725850
1565817653
1441156725
429500957
1423769235
314868328
3927352321
1782394001
2125822787
3148339408
2357077088
1989921582
433266808
1572588868
3933807379
3442039264
2153373566
3930010820
3934812593
3837364691
1556204206
3932372518
181750853
3307699493
3935774551
503150386
1962363031
1748363876
3606068852
2005800936
1940878559
1589764604
3096735690
3930636578
1416088527
3981520356
1690402464
1147869367
4032491313
3242512057
1559726861
1954285818
2310328227
3412019486
1543428746
3673150954
1694736758
3283696958
2235410885
668054616
485263904
3627206069
2102939922
3448239967
3959533861
3637089255
2068625963
4162250116
1547979214
2212272814
1409271744
4195625602
1806442787
298681449
4038605508
264005854
589657851
2014410134
1243705294
322348737
1347579289
940237907
1205615499
670508866
1396513434
4309715394
1058142055
1170233623
1419924071
707212816
1161479377
298702542
1675756986
1345422819
815432064
209459611
2082484092
3986504763
2872300717
4169525365
3095375696
2977928136
19390351
2641636035
1327177236
863653392
1299073667
30643671
482414278
533086560
1541226147
1494385650
1278389780
744288316
1649262535
3050019876
1573913754
1479670605
3091866476
2274076416
2068616991
1713423807
1586582087
1692514202
309232153
1147290210
288689359
1552547906
1771750059
3428477255
374144617
1690734849
1105206727
2207466340
1543338717
1077336231
3309263396
1523611149
3406468199
2096779898
3152749189
3158922135
1632862185
1143071623
36694161
1080983194
3324152120
626078419
1812946966
1466792218
3023392407
2250089185
2120568899
835612455
1421008330
1548102002
588611743
557033389
1773022455
1539437178
432075817
1581620412
512181384
1344318284
3509939583
1713994396
1050179453
1978460084
283102036
3067440866
268308077
2040940697
403169869
316248547
1753773397
201883779
1942836355
1584875810
831703029
1585503526
1202271700
1664608556
494951770
506715842
1449101001
1047095156
1739786925
2284323824
2025862140
2006454297
2270313993
1234481424
2241384624
1050954702
240343679
144761132
1794207141
1609776932
253731904
610992947
395674397
3589071037
276263819
3622000744
2822920331
238514554
2240153545
452479019
1093805074
1559753915
1453295392
3916168120
1607819835
1154446815
1414092660
3961259063
3464189515
3188221856
2712727709
2211208037
579392728
3956826476
2134205807
420779545
36616750
1655347659
1374747706
3780108018
244842338
248837853
1825412248
2322062523
248835679
259220806
1928279256
1210332679
3677849287
4131854934
1434444793
2273067448
2190369082
1201495650
1590969085
3248159923
1723718620
1365480299
3572657126
3542911709
17508052
644277150
278681291
3097791550
1540690214
2176520995
641136304
3185080333
738824517
3015197610
4093001968
2289627573
3861215906
336995019
1586269464
2240626411
1736597265
2239925753
1046475702
2260493383
555660213
1750540551
3575994185
2210374760
3100623227
4023902856
1814634613
1519484718
2178695950
30825349
1915730255
2308644207
1291111464
1244202979
2208054732
1507396714
2047531996
1699856275
482555809
1339704051
1364754352
1590543211
54496685
262362031
1956885892
2363073901
2032430970
1709861124
1164896251
1962474890
2359474489
1435537263
1471061623
2179366191
1801266106
48842790
1965304316
2176536956
1541889379
2355391187
175139021
369676996
1703003159
1463975594
1459791476
2023445135
398277794
2009713304
1693314479
2176590468
1360865811
2322430631
558636878
1622416257
400524273
1511153756
451573056
1508356631
1511778634
244589453
1541872889
1546276389
1551392945
1563036477
205629045
834010425
1154655306
1323114467
283910051
482495463
871421660
305979107
1384380092
1277802177
296609398
969360824
416910737
1067140367
443059405
1252558695
1310862418
37514342
968586284
904829974
633021336
1252395930
1042293593
565793611
1128356538
1105046171
1419207319
883270309
331829821
387746279
814107129
408388030
612030834
1274370466
394457392
647268580
1424242788
1334794336
200199183
512561448
560769058
