507238858
551843082
614137922
635393592
1337403435
1233055414
1255304251
855752042
507075369
1096426556
1113425375
1108181680
1160783721
1166292897
1193699018
1202320078
1213855397
1412344639
1238741481
382372327
1248494688
194613351
1370339851
1231757901
1251032159
1240601720
1101251965
47560859
378261291
1265218718
200374920
22801987
1272383632
582240617
589728167
1277466252
1276035931
1366140298
1366346710
1108231349
1363889353
1362879089
1360072169
1337671188
1337410254
1394275425
1386266411
1392667518
1395941366
1037980700
1481493826
1389776504
402607552
1411137505
1404447435
1401909206
1553332152
1385896905
266867956
1517435546
1527778127
1422729032
780118411
1089224295
698853336
250686997
201283550
1488553909
1537697715
312349411
1447925434
634785715
318795511
1772081984
2253810854
1333614000
544914468
626078068
878869741
1508269137
666621258
1292077346
400016887
558893538
366713741
317186918
1507703829
1755498713
448007718
1378129221
509758745
457227722
394953780
1584429978
1452095545
948030479
255437222
232736450
308136275
1128032937
330655812
987410098
1519160229
569920421
334025854
541427595
261803401
199912188
365512886
1582401938
312172826
917524268
365736442
2316167709
1268140208
516417671
330386641
1559066078
350026353
1013954912
1723893839
1680609298
1528863423
2316276323
1679274541
300679566
1415208863
1733343051
1344458917
1638349009
408437862
338820659
898413677
739038671
411275430
1112562881
549832652
499215848
367508858
1224720720
1213789717
299277865
248436472
297674498
2151548360
2320691145
2868994950
509832614
548326592
201690549
2329359081
2249557807
1751525864
1130450763
1143570677
1378439652
1416259280
2306998234
2323961600
2250201951
2329245858
1516168190
1732670974
460906110
486282718
1773121900
2355458970
2493538893
2463126635
2459303889
1779621032
344291626
237880426
2456735026
2455338228
2031081625
1560548582
2517918429
2360209462
2521587640
2012374055
1010101341
659569241
2333982245
294147912
761433105
538032011
1956574411
1402403451
299584252
1137906468
2106193464
2020874506
1449087337
455578401
1422448705
1646654225
2546809616
692881897
523656289
609378090
267890937
585047160
2300467537
1332720261
2667494828
1545410122
1672796600
752492460
2701031911
1458704478
2711337679
1836835989
2714567806
294894218
598946372
2760611528
2337515635
5342283409
729757188
1361364124
341058215
1448241439
1261967493
1451476066
1051543999
1748695909
216308349
1099362639
832622613
1570168473
967976070
1753438919
1121309671
364266363
1540846962
1547131717
586962162
365489276
1664763963
1502777473
443981420
1260520524
2003424096
459765183
2671626793
1293429327
179722493
2962443856
1213526188
1404386698
1054936339
341191733
606978813
2260801489
1042290780
1332943321
1495079246
560320805
28195736
494084899
1914261970
3058306317
1388368241
538024464
5808846766
1055536922
1517124732
1078467521
1479618785
3936458414
1233133619
429874758
698153608
1370141484
709845404
1297008454
1212101305
2356631637
1609803455
1792779224
877398388
1560683227
416338923
4074177775
273559995
2020367502
1701132310
5784727574
1694335587
2154354966
47033087
1474934318
435401490
1322988945
4164347528
326647195
15953950
524103601
502856021
461518462
1667239307
724018910
1508278461
1281786203
1557500358
354241460
4923317691
553819902
4161234632
1477074600
48778613
2093421791
3551370292
293830910
5614976057
5692467529
4942703518
1520512110
1935494206
1150025177
1429322494
5642030571
5649962296
373872
2496448946
286496466
173843971
2152740482
1192083570
3031853753
5655737105
4143321093
2241665756
5646325696
5654768979
5650000487
5651159905
2327565690
1112161996
3031973086
5513994562
2023738701
1973236721
1911410904
585166730
3615169201
551139792
3001919699
222732645
830651466
417521140
2944474731
588664116
1376562936
1448833001
1081720688
1620823291
1479485382
289786271
1505045914
1419690524
4584766141
271999006
1301438394
4628227372
2162176494
1518550481
2104311441
1916337538
321499545
585090657
1832428321
466014578
234091294
850325274
3936996727
296098342
372242562
3509939583
1047095156
1739786925
1607819835
2712727709
2211208037
2322062523
248835679
259220806
1928279256
1210332679
2273067448
2190369082
1201495650
3572657126
3542911709
3097791550
336995019
1586269464
1736597265
400524273
1511153756
451573056
1546276389
1563036477
1154655306
443059405
