1260189336
1500930295
2097413046
306460615
4175372295
1520276179
1465453995
1209549298
1431941052
863447169
654421057
1017329584
1656962675
1448673612
4097466276
679533252
2087435660
1333182039
1549168799
564927077
2066473278
3083572113
277221559
1188267996
1755129085
858130058
1576916728
1094789893
1964523674
717674208
1984820109
1507776320
1811612671
2209453101
1197520324
2252608170
1698152345
245169508
266650778
1278389780
3139690424
459924875
1581379239
3235818172
1423426904
2016865810
3074238969
365932627
1911889182
3486548539
554186901
2167986318
515344430
1569246682
774819755
792819161
2140566645
991083068
525385717
419815943
622185810
1414044400
4325808646
461770830
2150314744
3414061992
990799675
5698749110
1477115932
1373714154
1427490591
355870622
1133820190
1558783157
1832621637
1422828738
1746702503
2285111602
327248890
1303666445
1214510908
489326273
47951438
3824054499
299249586
144767271
2212740366
1615614452
2001681529
520644977
3967154236
287045172
1559975239
1908284154
1594352558
1831762610
1905687430
688916500
2033094973
1352713390
1405612904
1698541838
384584302
1318358487
1215887445
1941149059
3589800098
1014343334
217026716
3555286043
1276632600
2277820970
1957831996
585669230
3551238212
1072092495
1422790801
1412946449
1475559264
1452358988
4065756096
2057914941
1035393729
1195848498
3021379054
1942014426
3092612764
1416091260
253625977
1354638275
1529356842
2554307961
1237837752
303775482
1337409
1782322811
5826656013
1430468142
1435444191
464465108
2255636711
1658133767
1449805681
4463989165
1508531036
1516068308
1576967143
508583403
1693761731
1224282158
3953215681
2073036298
5717416656
1766066459
1552273673
272573554
716576672
1498091352
1552014166
4922417335
1425635906
369966273
1125868491
1634377844
1287006597
462619536
2272936082
1785938359
1595058491
1739723327
567183807
181373529
1748551736
656118581
1259901387
262362031
786054374
1716838413
778187901
2259471656
1494362175
2175630155
1356635907
538610680
267501262
2959516176
1509511502
297167398
261535923
627697616
2143261979
1902554415
1418493845
861642539
1164724319
2104464189
1989244749
1045751276
522434278
2235363814
696470623
1414312368
301479134
2044310247
416318453
1490576131
206123794
1386914170
1017696010
1694505234
1526280052
1378137237
3277008695
1073225967
1410009212
3195433441
512500396
2022452927
1692578791
2058210905
24657897
23463528
1010363090
1227626842
423329132
3246426758
317127379
3068449567
2177946514
418337174
2051650460
2017283394
1160116653
412427235
233409453
1713157402
1838392316
1490287338
492075570
1526801029
601253222
332703727
1238481045
423443006
1476933696
1634784006
1929646452
2988141378
2238016029
1448605882
411969532
1527830436
645909441
4576015458
678060421
2988041480
1684767701
572069421
392774870
870966588
1531188933
363869785
4575483162
383383421
1324655200
1199756930
4789462876
1419953580
1726642453
1484477429
1255201818
300048728
2318401263
487808978
556957679
1139805303
2096934716
2271145554
215976512
835725801
1191664307
2246961377
646224146
3157257121
1373307435
3493726570
1638179198
1376996467
1789480717
1835486781
2003396649
347216424
1512496962
1936506566
544821539
1438465316
265719288
673422532
882869455
467057620
2801314702
2218656391
1423544114
364239954
1378146765
2280443025
768759363
582924643
1556601432
1984546980
303740855
1220311233
255154652
4403025508
1110811301
653883141
1127619709
4053168954
628971854
1650268984
1246345857
764048116
1471806678
1539044513
1567660061
1394944312
1628410028
1484351712
3255374570
1804226453
734436339
1520200421
911035972
1294826614
2107085213
1212825119
1552652109
896645187
3980388615
1470788720
2463000608
2192877502
1362954895
1553053958
1563774995
4080472647
174562400
355517273
863146081
2211009167
1531742002
1256635987
1463304412
1337522970
1448791238
1519521477
2226184330
3528426982
1331679920
302920492
259403915
483832990
1509996574
2235410885
557066826
3440112266
5408506569
1058941965
4284837182
1092646446
522650713
1015000429
5462980557
1413142057
847664924
841196882
1510475589
1474824990
2182511924
1697554370
1678465915
1441782539
3095012605
1283593999
316767584
4661964298
2367777452
342979536
1970632825
1435751100
1197532564
1463881905
1457071243
305133643
3102790526
2079341314
1565552661
1625784279
1374064181
2032450781
1055698493
1566531080
1316236214
1508193394
2605597827
364411757
1957513792
1825310482
3593322430
2001959898
4982971394
668856276
1249798930
1156835187
3498535987
2313716282
520676155
179768561
1492654368
1308092658
33197961
1388274775
3515711132
1545118500
547796756
1768730975
455214725
1360977514
1375671634
1178568022
415050157
414511723
2028321023
2190562853
1552043361
224895962
1039031091
533673296
355698332
1136131365
659232403
568263463
3041928615
382919110
1472054707
1326966466
1387037489
1419538842
570067456
1325371686
2180467043
1007203579
1120276090
1498526611
1539190217
328713477
3045365007
1197441128
213751423
1367447404
1679044077
1199890791
626314281
998992957
270477390
628048000
1560908718
1370826999
972218535
2366247453
1325229400
522838022
4360683460
1038608545
4518571021
383357411
1505516173
2325800556
2327324189
468922195
977803890
683376773
1539915186
1435426847
388989493
710494196
1596286044
1291143071
904829974
1477150305
1508211085
888452251
1451228651
475730259
10480199
1077501101
488260269
1717437745
431126550
4884131725
195649186
1549292303
280818176
1272644725
338955863
1744012688
794864610
1026399313
1287777475
1726723392
1685899874
1095873076
830860715
1471536533
1365798322
446518837
1397997426
307684939
4892166093
677786046
1432709317
1482336589
578397970
542825311
5609289498
1223491176
525808565
284616235
3287837456
233853455
329339612
2262823575
1437627559
427553890
463855814
1512521375
1510579305
544454466
2365002720
1638835842
967261585
1921401436
290482770
507153611
576795902
1273510804
1254752829
2126211169
861727784
1630438181
173560420
1443183700
1244045466
2191331171
604822558
1740047490
1512607975
311080843
512504597
1520113491
684342743
4730313843
1435625059
588884461
1028651630
215118385
1490610141
2164048982
1715841932
680334514
1435213587
1537114933
287306515
283225872
1285728747
3220868177
5553365559
1747359947
1472606580
1625668593
533541355
2241381336
541774519
2142401321
2094496201
1481521086
1796263681
1599499873
1094504030
677247869
1522034169
2539189050
1232730662
5568568690
3542849925
1312006200
780436402
497448181
327168210
1595046370
569962943
1795107940
1411690486
1735678475
1446642147
1448868358
487459533
405780646
230778594
1504325737
1382962250
522375276
957332283
404249010
2307001382
2210170695
1487088666
1037909324
1593762704
1458049000
1151193621
1368101428
359886741
390453799
1814698241
1285681912
1371022058
981591644
1283364069
1367310501
2137409088
1046773825
1494097602
299664426
