1275843622
405220414
2333320743
417581918
1221250988
1463787970
476449105
1445472335
2286566008
367113538
4755157363
753861848
40257709
549360856
1780829421
3119091004
1751663992
1437973104
840653579
3057919570
230260040
5387877336
1341310326
2373001029
927782548
1717719008
1495735530
3110656719
1451924274
505928296
215947708
3457263851
2278416879
4710918843
4261725833
4167917918
2329324653
2109427634
1594289525
1093635571
2274575009
1342979971
3612267959
315707715
3407123442
2119160650
2881303514
4048171695
