4709323481
5475357895
3651939968
2012900573
2319637630
1444440650
2877928983
3238019193
316452699
2205410246
4165899643
2111499214
2537102928
1466886030
2256657369
1814334494
1283904814
4083054564
2165989978
349378244
1478020460
330809498
4069140969
547850780
4227904516
1638673566
3558466189
3923690590
2916032789
4481770290
3811076689
4623551643
4865574589
4037128525
5338093845
17034062
1012657183
2247093721
254361796
1120134931
2369611260
315563636
3438876607
3058806395
3453459628
235066240
1099650136
286673358
2284837334
1652325492
1284025554
2144479336
1204743581
2196114038
3932721517
1053438722
2883063983
311403456
3268242988
484582151
211957762
2679905199
5727016438
2270933673
1457071243
3225471511
1451049205
464032779
2012075353
1905739544
179876372
4117765500
3089461527
2253872003
1417088437
5814764489
4730794231
1925855108
3077683964
1339564066
1940304505
1529724097
42651494
2308553943
2355778925
3562109355
1223865608
3512137742
179010097
1295672228
2157550660
2073168371
4163031201
5688312597
1959953403
4512764607
3045358339
253970203
2658779164
1045392296
5835790582
1554082778
3930495448
1190002140
3282464144
5462448342
3013310055
4040817959
1433316403
1479676810
224185454
1964607316
451103692
4122335932
1974054661
4998373143
2881303514
1522529260
3929125551
2520001276
34610646
785684614
1637559783
1561633709
336564585
1193261019
3226551774
179625215
1611323006
2194358016
428395866
195948123
16803311
1410046075
3165343490
1372800489
911390854
4271800766
1164637212
3275390286
3623406891
48923353
2655213049
3607406100
4472747989
439205889
5420628703
1621507446
2265335225
2974974499
1904072334
4145750369
307050750
5619429443
5710830371
1980053432
232891179
4286502573
1604597896
3519801091
1035288741
30200601
201457909
1320505300
195187314
4277738082
3243222928
4588413983
517472440
3050490340
2335200914
4471569914
1947944764
3977950471
4285846790
1632460312
2230777628
5805419853
3620981631
3417205170
2034533146
2613111968
5619154204
5860006187
17972083
566395456
4742521303
1386249508
2996401881
1970708212
3249817725
235923882
1654639389
4182216996
2282018652
1519620364
4722045859
210480795
3100717184
2035476245
20502785
1645190394
1425945093
1554467641
5495391263
239921627
1558842051
5681781448
380190544
13359399
1545203643
1505802266
1972658061
4585780227
260026431
1483689626
2069422908
1544025752
1576942879
217983635
1492047131
200997063
200835526
609230817
911322821
1537697811
1072870325
547585223
2324578882
13383985
842168300
3043478236
2994727104
1333198338
1313452380
146131381
775740654
257150288
272958103
3203617382
2690427664
1066937952
3080597554
1426491391
261269671
1601355696
4764969456
416831799
1469552974
1378984855
5465433602
240582453
1474144978
499256285
1535205615
5733522358
1424665187
4722463684
1823047692
3581458711
5607304035
602891618
2376782130
730254251
2156137876
3992817766
3420825247
624135579
1082646551
1605736416
1953637318
508522730
4257531833
1814826408
3940455413
2996744110
479788457
1794099355
1621704467
1520603478
2177390738
1552041174
315970912
1725009521
1917013291
1232917390
182639761
1639133168
5704293308
1576077760
330918090
3046265718
1904736011
1043311723
4838450299
3315938361
4297519254
511169214
5592733116
4123382390
304108857
441213269
1394434380
144695030
509011793
4348845704
1535078097
3078512268
4145061776
552940972
1495807361
4292157908
2162431382
1516554209
438241831
2799729543
1442145810
4317808082
5323434451
249266167
1541245216
3904202422
181448202
1435459993
2250318168
5499220641
5468794040
2138621687
5793036708
3172991622
5766266766
318490320
2321488362
550988999
1603022106
5814924340
1593594678
1494949229
546506890
1182466126
1229843539
2106588315
841436495
1464145966
4965741698
1609727093
2980243817
2319403450
1996901294
228211742
279712599
3838104135
3526023516
2076892165
847669917
1973876337
1612948284
3161691588
3009133523
1837050833
612617613
2012168940
1509598328
3584718327
1369125033
5376494293
2025926881
3583401165
564706757
1508884094
1596809349
2426808392
40992858
173851356
1513529236
208553336
1956087944
350611129
4322495182
4526945600
2113732569
1931926562
1567581203
1197605579
430174169
2318496765
2223016463
2720167268
1715257962
2213915586
362625417
4580678995
178214645
1577059621
3240254192
2976787107
372328295
3124147152
1425356415
2205213078
4901454811
840460186
5827887134
28309668
1228781427
187718774
1326718105
1947129622
3316742895
44992250
310135583
4289881635
307614197
605267869
1420547862
5893954180
432038695
1929714251
1176511818
442913662
1206505940
4405615434
2032157919
494578142
4366295609
3263694216
1465453995
2108169315
4675085037
3642201415
1635971421
702132050
4647845364
4310292155
5860868293
4553718809
1754014392
2327114363
5722634444
4651666206
1652044222
3615813087
5381640446
1535221922
1647613930
4114054767
1092647288
353579267
4329412955
537089490
1501771916
2250199088
1989578723
2237879034
316296703
10871400
1530403267
2129263118
4045325666
11282854
628121122
1450207626
1360108085
4660708406
1912833889
143823159
1964677551
738297313
2912015454
31782835
733119822
3703327301
2995582283
2935735691
1519352636
2857975950
1532620786
1453507048
1605020242
1229190228
1140326523
190816576
2044596185
5451346338
22605852
3502712454
1772529197
5627352566
2072247718
4640844445
20515368
285618684
4264006831
5618623677
3495914813
2182685998
981846867
299792538
2222338980
195863925
2998268824
1615393070
1074322964
560487420
2285783884
3267645984
364737509
1476544839
3030890977
275212404
4687226931
1281828179
2215387206
1812797819
647703367
255057194
1656970833
780517970
2060174801
335439025
4782923174
3890593584
1540728079
3021398637
2163899631
1580498376
1359996679
4234471519
5529967862
1613420435
1414874959
1205879807
599139133
1517384731
3175645800
5353139632
3997280590
928003258
265021892
2081675059
219279091
5770737102
4252128381
1414383004
199896352
1585305919
5320699974
2114802503
2996633537
1086337844
967824494
5689560694
551884213
353442789
1484618699
5517815881
30225261
644509156
4801911015
1415228795
1811356738
3924411490
2708521428
2204218127
271276468
227363668
3918860914
1963899436
2022485906
5750860412
4069682601
1373010229
712995999
2161803388
1423379682
286496466
1442710418
3896352892
1768657839
1533961810
468869506
4093058127
2999573265
3153749437
4831524070
3092884850
271589469
179344654
39964972
2392344458
2103836132
2675111807
1379425462
3542382443
3223387791
5798386123
5753429914
42296777
4372574250
1645005372
2206264138
189022747
3554725577
302894598
3135678179
5464129936
1713338711
32199343
3289039494
1191586510
3257795259
1025883285
5500394785
1543890930
3160465031
5018145786
398183147
4969097402
1285170068
3465274593
273904538
1445144848
2292615264
1583079901
4190860433
1040779839
721052405
1551938226
265712989
2242664722
501386017
4202115432
5734216853
5470755359
1528716489
3417837319
448180502
37185660
1496162076
3131487058
588258677
1171438279
1594328239
5856623390
4723526551
316318643
4795144799
1977509676
3134500265
3897960845
372496491
1478170180
5696122863
1272241158
1131562020
2925255334
1238615203
1377325004
1316783147
1465205926
3013327398
1727085741
571847266
4086003234
5878654308
5523046880
2344799759
17011908
291245486
2120969152
3932432282
399949994
1438580259
1270662306
4942370364
5352343066
5648569179
830991998
3501672013
3101055242
1080961814
4911221784
5356524059
596794098
1487095241
3522352862
2004529835
479292901
192395559
2299657403
4354081399
1600535719
1487649310
182574340
4893595193
4295935244
626087173
5629154556
53686324
841382596
635552649
1810980219
1543389919
4320913135
5845345687
1664102160
1970714201
3450021710
1439788672
1683248504
987127779
4685922188
3921456929
289326760
1465005929
3920093269
810978255
3110174675
1827833156
2214415875
1506069939
3271840504
4153886582
418141678
231402544
174926534
364457186
4325040453
1700283854
4304576608
198187584
1806536197
4055434211
5629132657
4669449856
1732102748
1804819433
1498953519
3452088157
3637603526
1208239933
37419948
4315617598
1975269557
181590986
2328714553
1692388319
3563812168
3502380036
1658173335
1467332903
5534787976
3870297347
1448499051
1712073712
835061624
1982168889
1220947077
3915361275
3897631396
4930046798
2087464124
1799013852
284453283
209042267
317555380
3435081402
1131003943
3601719685
3620528780
5588296960
1416282164
4810191274
5534678935
4176801198
2982925861
1751644241
220239549
4675435347
554309696
2204259328
1344205032
4622319412
3663567823
2679270784
1432319501
1725195713
813071503
1504441212
2033261304
5613287319
1736338954
3280361075
1537724366
1541326530
224843991
1136772481
2176702351
2293521188
1434618504
2418371784
474629214
1594480219
216248839
28335179
2040981769
509614209
5575042518
257370253
5731970817
5524779835
205285977
4036474533
1927069345
962925287
2954342914
4399572661
240052890
1701329478
4611881581
2107367265
4605752912
1040180513
1980884317
1438132452
1125770494
2078164082
1439519599
1430688680
4294287878
1947532594
145137596
1489383086
4184370595
1055074186
1173637898
482396917
3016308476
28871282
38042299
548221763
223633118
415020117
3271869806
3041130086
3462627347
5072448961
3026861279
1071668787
526581872
1764568870
1395155923
1395263607
3287555135
1214275797
3622540181
1490961139
1510287859
2910131763
576330702
2270387373
2201413954
4462707230
442677665
1500318821
4899897369
471386465
456394125
3436868265
588133773
1465510077
5849305841
2135474604
596773786
1367195747
2089074357
3236251816
1446646076
1501485425
1536479145
363390788
1630792888
640101963
5466532098
449849988
917670543
686852338
929112877
2537102750
29667563
253768379
1524274178
3132076785
2092060669
551720857
1611235711
4043738707
310832046
1501972917
2053104031
4813963694
1210215733
2315892366
1523375732
1753160034
184556696
2164719086
2673751912
1579565066
5457508135
3584169131
4125898529
1792963281
36480886
3607596185
3058997659
2924545931
2157529959
3984791055
4736320683
432100396
1431915770
299609407
1681357111
4561705879
43516945
5431087181
4191057560
2047401464
4705245078
2117871814
5792701023
3618101461
2677018455
4540872467
280374403
1469342842
5663333236
355501151
1522989153
1628360706
1661364723
2097496797
281878312
209114354
2164196027
2327565690
2674838218
2043891715
1348296681
1547826861
398008937
1316715450
1563654549
1420670514
5492377491
1424317238
1297741891
1472721636
2369683875
3146786573
5671430796
3057895056
5726660205
2063266827
4721828937
1426607257
1942119929
1265543187
1800953030
5422387983
1818826297
5600644940
3125534236
2547073764
2204955765
552218983
55795588
2038971207
4927868607
1979603370
770315291
2271345841
5451905909
4722425549
1425381750
1334548689
393066635
1836727808
1554620108
1409805204
362996721
2026679372
557381534
1901657735
854029313
1392856305
1108150644
2201070639
5447156858
461467619
2533579854
4173414948
2605843175
2022409898
2310367363
785424329
1518356616
294476412
469250173
3032098404
269473172
5458151633
312028049
1232900384
1783632601
1386383887
1328857400
1211793593
1498763744
4586313849
323878191
1202051894
2314872734
1482329428
1552606670
218086016
1529835317
1640641524
528752878
3236351945
1504690663
1728177963
2108980614
1928847160
3667467779
5892626612
488446809
1360977514
5892627744
456926778
2899060369
221550656
1521640363
3684767235
1141251528
2220869135
2056508304
4117856743
12299923
1708459670
339134130
4432584126
44059601
3006344559
4209455683
4048110242
1441189788
2161258728
1973360485
3156103033
1531104722
3259321868
3174721232
3087142435
5164144902
1520362154
1419848006
2275249399
3705425031
632168979
2145446314
1794641032
1777046756
4167244692
321725786
198442481
3160439151
2884794892
5648432926
1423636036
4060419793
5351697809
4614533470
1693668774
5516709438
528997635
235887270
4434785182
9287513
1392596697
1143943711
3438134915
1527584459
50138723
53595745
642788935
1486237698
2063008751
1726681073
612401476
5572953115
3940505883
318352690
5797236299
2988112547
297740660
2215796070
4545894312
5708344522
5427642403
1577120173
1418901003
2065031668
747807029
3061108190
1790926523
274797577
284484373
1558037550
1432796479
5883978051
1814679006
3281811414
1440361519
1367652397
1443271091
5338630792
2865817301
1558336328
3050393162
2952546934
5778712837
2306345645
3660476681
2119160650
1431821391
5579496889
3444629739
4711801847
1449740972
3679034367
5143857659
1520108478
610263808
1532649783
435166883
187713915
5557519877
1949264610
1539032313
2135844988
1837503611
2584751164
1409895885
1725501834
242628501
1444983063
4867256814
792707360
5410558362
5836952757
5339940452
1155357260
1696190814
4334212239
1209271097
1335255905
1451981714
2179331819
6430154
2289510435
1815572110
4189752208
1955552504
1161038221
2538805540
54339265
231986293
1501952752
2243173020
437057192
4231369035
3084516823
861175112
1445612030
2268637412
4680255572
2249646552
190713937
240249039
1105240664
2322825135
232449317
4736628493
3006798699
5894445003
5504911295
427553890
1959436604
4624033436
3488050778
5681895912
5653222376
1557645695
5766141789
1427729756
477858799
3778011182
1832337024
4848845777
1674533526
2990238344
45375114
414365728
3464838213
3784257945
54855228
1492720100
4548615465
2518937561
1432348747
472794927
3071517690
4358620116
173560420
521451300
2918439401
542861441
378897042
5774366116
2438262717
746340147
28337448
3432058726
40673973
4611343180
2292934051
674739277
1398155040
1440826877
1029483850
178045740
262469812
1262100116
3446711630
1464220809
4629181584
1589074728
1470957355
992986671
5355942406
1366332279
2086330932
1445567200
1274676778
1477542222
1967380169
1721265739
2046663720
596760016
1709446696
1466071738
2672030385
3045443945
4358136530
1748306479
4288204586
1675579507
1420687285
4001938573
10482862
2211386123
1532813531
1795879609
3559497611
2405478773
3201741167
1448988661
2307882229
408516454
1035067869
3624146648
1032895386
3653389180
177434095
1474245398
748620051
825058336
2139021801
2099628255
1915269913
590632983
2224850169
1299482402
1516094543
1614539440
4212574989
1523892143
2180327346
1713423807
26855729
5613487971
3444173280
281401605
4531893235
4620440444
2142991429
1713513364
4428931122
4326400251
359537651
2219675425
1060582719
546103384
3966364425
3190997396
55529405
3880572305
5655126451
3484055273
2053948869
2227877038
5503608065
555939000
1284401989
302316930
3950744582
2211084206
1823814857
4041884516
3059535869
5392420855
275081098
1244576801
371710453
2277002159
1219825866
1293622369
4847513047
5808601075
1727125227
3496365805
5605361053
4758838751
2267300463
299827697
3972639629
3676043664
1458528278
631981324
4204713290
4533397716
3538725744
2305391769
353987075
2226395044
1021032207
280665669
5537317106
3251612204
1488444362
3595565283
3031973086
4717680041
5802360665
1364934446
2982640334
316457696
2369571529
29579803
21809242
848218731
1478410001
595979903
465826670
19211259
3669183036
4529071286
1275828107
1402752772
409741918
555812136
2261993506
325368112
332335232
5675079809
30154994
5565945415
3640919419
4122315272
454526032
1444182537
4538914233
670279176
274892263
4306031224
1374557380
5567407806
391828811
4774107401
5575498681
3039050907
1447504241
1267177458
863673384
612526443
4561810811
1473416740
2018522737
5496672737
544220016
1012483765
3773032071
3512135446
225817141
2283575506
5011278686
2140568996
1437022584
249828574
2264553031
1453234503
334871845
2992085209
2838915324
2239315738
1069841247
276233997
3181830985
3549260405
2952306775
2330300997
216329140
362258210
490214098
5879668656
1486253728
1455859721
277252583
2119338669
1303308190
1792710731
3609497426
41420895
1090915664
2108706695
344204707
2719200235
4177720512
50383087
3134959284
1288942580
3099762140
1512714045
2022148588
3576299710
257698231
300535477
2095042497
4977264394
4132445395
2229752543
1633054920
2341411438
2289717926
3100511620
1140971201
1546875829
1947341899
2074699790
1475766925
1227043008
2755664754
5620785889
299249586
1905239762
1569340564
376136615
2348119757
2314222919
966107921
1734836030
1996400557
8075543
2318873690
1216821322
641590708
1970430317
1671983672
1558422853
3422354266
2189046105
1392178126
5546747935
363897122
986928521
852676448
300488550
5515496392
4658033668
3005818816
1783555611
177890442
1686308177
1102142205
403519864
4392541384
2061945704
1426315475
1508506763
1934957705
4766982573
1255025028
5718274259
1815766408
1540113520
5015476418
3454686217
2154119170
222732645
4831859820
3240758352
2294649259
1294669990
1479519065
3185377688
1476056786
235852922
270029004
5525666551
55485738
3005919877
4460020405
1924376690
4066313230
2949396979
3224713894
185713555
1528886276
1942014426
700216558
1637702708
3499164374
187448220
45797668
1625532356
1472013511
2932285854
50220138
2219604851
4701886602
1617865202
1582511787
5733334137
4098552943
1908830692
2354064771
351385797
467538609
2112688238
1768537436
3149061525
2998746556
2158631774
3056414576
3020398997
1415243148
1942288647
2027144564
1453882998
3213180578
196454549
5385219077
28489178
4218648318
3017907758
4214800219
2041261419
353767681
4029493409
1833485183
292862283
448512179
2295349934
1364360162
1468086919
1724064418
237991045
2155224701
32972490
3929531207
2277118774
1147737249
4075854832
1509624460
4554063124
1965405922
436942122
1968590069
3187936869
2907028055
1368647758
3914017904
2979882520
500400629
1509719214
1534026456
5551933304
1983413034
1372180069
5323979567
3258510562
541701429
4948765237
3985555752
1188008618
2227472659
2134254552
1361140347
1823322099
594854833
3166378947
1442532087
1448829672
3078013688
209278114
4067518073
1393430399
5823691067
360791044
4235486819
4230092223
3992200992
4232665600
2329135844
1289076153
5628965312
328556359
5596072146
5607210762
2188352493
2091609964
4717141707
1046890895
1331476148
4640843055
4838822854
1542885011
4020823030
2359874756
2657583077
1384980253
1457894614
4976051039
610710959
245195341
924790461
354028488
240096650
4737431963
4177377880
185189304
5428035286
3081637016
1293207096
600454479
456007761
4615993788
1725401849
2201315636
1487289388
5031479168
1524936853
1566499300
4124897942
2253877634
7915550
4838719097
3088846270
5699561263
3126072147
1602235319
843555978
49895097
464242357
1499416878
2082454088
5324558546
2733488967
3464928789
5085440292
1674054900
2183166989
1410953243
1490158441
524247740
183733374
3784679257
1969915494
1525722246
3513260398
1627142025
976475818
4158585033
1385910595
2633980336
1741753556
32918046
1556783812
2907625476
274827341
5562512866
2201600215
1235675281
4806193390
3221216482
2036183432
1939608874
489205434
363210455
2741151332
469766865
3087590151
1135164771
522746113
1246656218
1913372972
1452143939
2523725508
2278808922
2215705620
1923335395
3000875544
2286566008
3829152088
4571901522
5591111460
2059459734
1334193881
1399085811
1628037821
1382522352
3601447645
1485886302
994245900
263552748
4472033949
3024034683
5477647342
2130495999
3730268350
616825023
2544564142
1949241404
3694773673
1909141984
317110789
2719541257
27619620
43718918
216503262
662871888
700624223
1499978596
222777408
1326192422
403671642
1821951336
4768942996
4412812288
1103857092
4525831489
4563996165
240803638
1216479219
222879558
4145102873
1318197992
4823619448
4479727124
3249030824
3545102852
4301782851
1717532029
4153848868
30509155
1937464586
245005728
4650411314
1834166400
5884939708
44644236
1435376636
4035934457
2837026722
2306760884
5686908470
1578347568
1989010906
4513185785
228297248
375158947
348696090
1662176541
2177675037
2674681375
334689189
3626915238
579664100
4946529188
5411262288
206519142
1997048114
321479082
323624860
2720696851
1662531544
1486010384
5736479389
4673455876
532271344
4262892774
2670784008
46438562
1984738432
1419849326
1758770330
4229461302
4572628156
2266014063
38548493
3480114374
291422476
1701630990
4800717596
459870282
691293475
5519758895
249388532
2065264484
1908766298
5428324448
1970018447
2081513408
1137916320
3244700164
984594370
218786341
1454848431
491740890
3049703974
627335987
3074089086
426730902
3028413974
526845572
4224601004
3966552119
5621971853
494868997
291581592
4441957301
2949023512
3603386264
3498899116
2150147810
2219263812
4723713379
905673942
1639962304
3025607485
2251021492
1768754135
3664733110
1312308165
1549271361
3073329340
2992621976
4573065874
3185391506
1545156407
1291465506
346828327
4050049811
1156553731
1968035765
205001209
1448476526
4643999402
5837799245
3673515841
1318576428
1815246734
3216376969
4984626774
5373317269
4351009688
2322062523
979303065
1829335696
371450588
1592483934
3578106107
5681544078
3148608588
3739434630
42532548
1453224230
730138666
1524145213
2308526759
366033463
233157798
1157437837
1292634993
2284978487
2714337279
480733272
851624125
3744437117
1395310593
1010334032
5019147472
2067010468
359609812
3979530980
4302790269
1616995772
1436552286
1440552697
1440980809
10938837
3496178419
2068106357
3434660448
721708230
370510183
522488773
24188526
1318596170
523784571
260337422
3974788306
3251047312
744201294
1474463938
1448391060
1822177827
1421764809
2296767018
1471227439
2144328750
145210447
3058011346
1423776819
1334994356
2229913151
3244799271
5354254014
318461695
496159110
3425843038
834219803
5659647928
2220863422
2231100245
1447403580
16678948
1726338503
4591256399
188039286
1750852994
1552613823
194195724
969367149
299277865
3139564211
4213077029
5339476545
1574140770
3190010203
42336277
2025306689
404756371
209324646
4368433660
325719200
2244175286
3001096239
5750525141
5417392877
845435162
895812095
3210275492
14250518
3974487180
4475094425
518206808
3508555936
2011039835
3621974846
345833375
232807236
3050442302
1389884093
432765150
3006475466
4166077644
3983966032
2016152929
1555771543
298855566
1709391307
1613368135
2219265721
4937231843
1442065129
536370587
3880098499
1217497712
1422873546
676034913
1244846087
2139954409
3519885416
1671808075
179325354
1330815708
3449585970
1507664938
3523768694
1147460705
1388214250
1988070584
660311823
3062453824
5656264304
1121954186
1422642776
1360532574
15564053
2625651696
4913150727
251865848
50841473
3032014972
35284911
2125803565
6318024
1551205020
303841915
3433127369
2197761107
2142582457
1581800448
1790513884
334551001
1104767185
1691179157
444538315
1429736814
222686145
2346319068
5373551631
1420700725
1154244670
197255706
2228083193
1581934456
440639698
359011196
543090526
3549292327
4676984312
251243533
4867731578
1712980090
2305991929
4647640003
3431609816
2293513529
4974522190
21644575
2030039218
493649857
635234914
1904996355
3590513438
235881770
319177068
1580839350
1027625665
215360524
1508435114
1474249305
3056534943
4991618129
5556644329
2289695713
2248500949
300480335
1737157879
1427133659
1596163261
4034818518
2153858822
647241497
1275807980
4750656029
5348525847
560336978
1327354612
1716876030
3503645067
1471815887
2223687715
501562782
27783521
978659540
4199644757
4299616219
5342712374
965496866
2003015238
666773779
4081703051
3895832866
289822164
1408938434
5637814442
5381960702
4175659363
4557658516
1274644945
5787621112
208631015
2154172227
4831012848
787814610
1563930945
393856564
1560795537
19062919
414482008
623446152
370469642
244832957
361547999
3473040879
1495126874
2333607849
1330951065
1427236967
7987172
1508126778
3860005460
1716067946
4500616844
2134272790
4352748816
2054539425
1962303434
3059440317
308258002
4673836688
831988440
2200671234
2708566229
1472025800
4235463517
1154980617
3584952215
1916740853
1543633290
495081731
313497005
1960098890
1465577513
5750552055
371549941
1931446716
3197666918
1275843622
2109346060
406539396
3260557889
3228289856
2227543960
4228074688
1238705182
4477000865
216156751
4945891334
4523534046
2592937590
2200410740
255825816
1293900510
1445472335
5797042854
1154164397
51336038
470095626
717893355
288976447
412001264
2885961730
3147986419
2004914593
2353676725
2247098104
40257709
2294181765
5670378594
5701527872
4860343269
4030813546
1780829421
1825002996
1472770927
2988587526
271402491
1236116687
4265316382
1316479927
1809688339
1528936240
840653579
394703668
1543899350
647089388
1956014316
5387877336
5501753297
17980991
1341310326
5422517456
5706136387
520186063
977620402
927782548
975976354
243000200
1922667109
48056013
303033069
442679544
944187761
1665378623
1495735530
1518081566
3110656719
2241665756
4665977394
2520608777
1835643880
46373514
2278416879
3990180014
1376322934
5866072204
1165969089
3296221077
2086488266
1434718952
479288782
3304915195
5462667413
1808630640
1006534302
299335667
5008750445
4741996139
1445283155
3005467876
4593957313
50163697
3948837652
601964274
1342979971
5459266693
1535087884
1391124215
5454924681
1417799969
4340829674
2318808488
1406277276
5643146929
3889323866
1316580077
4275605877
1957344964
46710535
215703439
771010435
2347161836
222585749
3051189256
