1685197165
226592231
782366159530299392
3846180327
596453298
807573779597721602
3951360267
1961169548
3198333286
336653949
74296227
723512829043720192
2562782686
327726211
802159580499296257
801083089208360960
797869356113915904
4319162560
134221261
1035744727
283796684
772126730190483456
3025875111
521718094
355078890
1304005573
2496752414
790037277107978240
2155605396
604801794
322647271
294060264
3507283637
3805582337
472980215
2259232898
67937541
2728164993
2731753457
790997210972426240
789093322015051776
561409397
957592170
1519757532
1448609832
788594756158943232
747211958303211520
136777221
2425761744
3114845141
296903698
754959895728885760
1321351273
2995232010
2526121964
829747428
1553367865
307771320
2453671839
191082762
783371799597907968
720958148580941824
134228438
1478247829
744881878872768512
723274368
2791917793
4916544599
775710649875857408
528710996
225957555
2825376071
4355753296
27130568
260828352
1962916963
1094259306
3147995524
773943341801205761
733523731960627201
772780065704796160
732558409019600897
313789401
760133241441513472
732042530020306946
715763429517164544
57795290
4071216675
749227252244774912
2229464270
1242306294
767561811222728704
725407228891660292
1782311125
2944459221
96240158
312954979
140167530
844696352
763147462513164288
556299224
35965789
726125791059279873
2644492304
210050289
1301371478
1439829786
3959163496
762632843897999360
261540755
726738880712560640
728548997401612288
544445531
326517366
753782373712531456
208270814
756623000347246592
732633448356139008
234852581
757580182811242496
345005985
756132687899942912
747434631981637632
3246579681
2917790362
739686617997291524
753339956681203713
107383034
3234403522
2213073228
144153133
354918693
579293711
177008972
41267711
138130570
2803676198
2782936878
727433581446967296
248244937
964677853
880747945
1146466082
4159961961
1322838480
730100902233788424
4188040865
2590876786
746826937704779776
746216176619970561
745396776908161026
498476788
2704901720
2244024539
117630314
3232409644
461748758
1641906366
2431063777
737283270883315712
180945060
2260522487
725753093833502722
368989928
186953613
148104149
208696114
736755704048934912
378548466
400314809
734929387028656129
3443903187
144020203
178699158
148151879
733318812204978176
157813447
731886497482342401
82895071
14304681
3255241150
324952746
1216828339
1650941504
1507720195
729335806305820672
366253118
3050684744
293005830
702078435070517249
153437560
726538640545959936
725391975206260740
218190170
258405240
169077363
2571272857
2306940626
1403566140
720982780277039105
716321032534097924
342044752
260015297
94413474
3071441308
190063957
722425545682784257
2298697700
268803748
208578177
719196625726529537
823427648
766321482
130169058
720645497707446274
1609809817
3045088486
61710787
68245244
1362301764
3417031799
131531332
4165825264
716797403920261121
712740581533941760
2812519229
590988659
188751494
180529208
2703325736
2440393836
1328052462
2549693917
702177469756002308
2758746824
709951785520205825
243233631
37816734
1154091313
710454503963811841
156489934
59514155
71880048
173886028
2219513915
49262492
208577085
132318525
153271559
446537291
135691977
706892661488291841
706863097231839232
169340336
3942919095
427089967
243892673
122086578
3139254011
1096538390
2158772880
702646256900939778
374275858
4632080848
4920760013
370689698
1112824819
52535524
2869318495
3637805357
2844685873
2846319820
3030873021
161906014
4809700522
31173359
3039385097
624217762
136832843
2809957495
58337768
3299954099
210660373
4588935256
1108932336
2205428688
3252184925
4505854935
4497881253
554055552
485233237
4417934721
2223537132
246102936
2196254039
173439674
2941416675
2709943656
537485190
3555685097
8474942
4197524362
591134204
1171471309
102800638
1651297272
2424084314
413298335
308771757
206816669
2562224592
216727249
398406574
114248507
408527270
945186614
208566927
148815235
111700619
3355920635
486058119
293200141
2427322950
2835169095
313977967
3324751068
141068475
1076400666
2826416529
3947784136
2213524016
199931902
580108093
3646150763
3092665372
3420367895
511874909
1475292756
208981944
3378717615
143273707
721475965
2328821094
3722976569
3764849843
3484982842
3402902242
3120117559
578583313
987807842
2388308780
259506500
962646067
265731344
3642393375
447476349
188359247
196229983
3594753615
3351038062
3579439887
533250479
543157632
338468558
68957764
89107974
343016679
248622059
134287415
208674905
2828129579
3442341856
3441809663
737487043
48713104
1158928796
2195185652
170082680
124578047
343200260
147700787
3420839187
3415050855
3409071015
3313630247
57455434
308025100
3400543727
3294153307
617639300
114782747
2718336220
1554271651
1526016800
1480568263
2336828102
3298579996
3138720669
519836430
194791902
298689869
3232289518
1273836318
499877969
178542145
836243137
335936909
3135272632
157161819
3245768721
3349674076
3345653014
3218245702
3050714194
3337662551
234206571
2786752704
3259175152
435377174
179122911
454042135
3321702773
3038673917
621977950
606849514
506530813
81631092
337369889
335597241
2419841863
447465513
53787115
1522626709
157477186
276026874
3301680651
3299834657
92752704
3220663268
461309026
197092904
1243686019
269770406
3229197957
3288808529
1675451508
2196693847
465657931
3042062008
2457991152
88237420
140580756
333005447
425501341
117954621
2462464098
1043846796
170889994
196613295
1069077907
3198043557
2727008522
3195410992
3101919574
920082176
3168029488
3178402077
39613013
1020291218
491799830
305373040
150817302
2564423379
2864329709
2227222536
3131607015
2714638368
1873766204
3046929946
111158485
1366181125
151243916
1287567643
212738695
258563608
1554050953
42097354
228283948
121427775
1707552096
2492332579
584938981
3048246718
882506305
3088150672
134302272
191639691
157854365
279203756
98819790
2260893141
196841221
3075698206
3070536519
526815641
1702325592
2872996894
754171944
68021609
3042204714
187745612
2153803789
253119167
442811622
488125473
1372696632
158977536
185652484
396874360
861913610
2893908754
2915729391
2322356828
3030553893
2349297061
2992225115
1123396812
213751161
1062217429
65527862
1495371960
1388258881
2985731393
191887169
1905963296
497317763
2781220584
142429202
2691049631
623151332
197869443
604705416
623446026
51426840
607404302
1954624441
1670301037
167971656
2850061126
2904385642
2884618847
314736655
2201483232
2898543934
2819521984
2891595059
2398569288
2889538762
1941886920
239871173
71064137
548874040
1952195712
84157260
2451923826
2861057452
44998731
2847266530
249355755
337463737
2850163757
2803094351
1304479212
232273056
566224607
478891924
2814073376
864929154
316303695
2382274543
862068366
205502882
453527023
243877913
2838181318
1418330798
2524995734
233241199
52496961
2776762530
1390317006
2277174115
124010482
2808022103
2729903419
2832088639
2593682052
945168144
2830067444
2726290716
533770250
119470902
2375395322
2817200204
178075752
2526933287
2805940356
2766057129
618682122
361907503
485375322
190334648
2776659450
56214631
2779128673
2778084380
158194275
102165435
1294029902
1621516662
1391094056
177355866
707576946
100311702
153048358
223845563
2653562437
198055355
2722221762
299714257
2704970047
952273520
2705509148
2701223971
2677978706
280280891
2182779207
2685615624
387475635
82147737
2359621578
2720366051
264164970
2645597423
2627705894
2649574632
114092274
318599334
1730584129
1270850767
2278199405
155534184
297750767
128386525
2534401205
2390152669
219555677
77204634
1398637730
190389188
2380861358
34828058
429317492
1633760270
2394986912
1619097288
2494918128
264018725
543645367
228249475
133427932
188147909
532628749
2556142291
2548717604
636403649
2544120786
4095021
230823803
163980163
2544341507
464447558
163481247
109274903
143159147
726630055
2478397370
240715096
2355382081
975189768
2521873951
1950203144
450409323
1360254540
2356413259
2159433512
2510772295
2167335399
17093617
138200970
1904600604
488018878
322738921
1875915180
2494266019
2493724902
254144118
2493697411
557793252
1325514038
2475819650
2308021528
1965389438
163656987
2483058901
1468585219
2481058716
355755690
123937349
186528862
80882617
198293062
2374442881
564913084
139017974
2462637980
136995172
111517999
1666084356
2462031494
24826323
187775597
1231601784
181930639
151212865
737271630
620438492
1266832356
262275505
165153271
389298383
717254809
1161807456
12843022
2368946687
174731816
2383070640
138251420
2424413594
392351184
219165722
2421363584
140443342
437984013
326720216
2353903501
270538028
205839482
801142088
1611740047
377175545
310512582
292606708
2409449312
138293401
2151510324
2296009837
61382080
1096814563
74656748
156085618
461718786
73172968
69156475
594918568
396780239
221184036
476039289
316941759
628734081
68082929
2354817512
164717651
576877135
2327004664
1728391519
53496357
209561667
202379071
1857349278
440349297
2262248912
590272116
327666151
2187853010
805098523
1024508203
1580862372
837864528
151251088
293074533
63542746
494672763
183427235
1658204527
214279479
373570844
73163086
716994869
150912207
553382592
1965718710
451681235
2182672962
622144125
2180172434
160616998
300299980
315524805
171961998
1406609653
161702102
245986210
815757055
346647423
1975349978
1862545087
133751958
493322871
969338317
1452413684
45707506
89833854
822356929
44406204
611169561
189411863
323503198
131313084
92250552
868976666
487147795
1170436758
111662873
167752272
1511306336
1879390710
1861450501
1855604592
1849353062
150041650
1732170751
153979856
813338124
272721943
712570946
366328769
150786091
1561237566
1485619226
487306653
1683167970
1546968114
888900715
1638097495
197294266
354612601
956547692
1272398354
1265996240
153815917
282805865
159247161
128240058
1359816379
823644872
1594562558
448758462
140400234
187375484
122118740
437183893
1282470073
220202469
103466107
137109575
176406301
1580779088
195569858
82930680
25899276
166533377
874388934
183733789
1561681802
1478107063
208057964
1249647397
191705662
354323593
226401635
1542327564
193728626
939318902
1546541138
392492264
239943125
1527943147
129057900
33157646
1398741517
596593451
355618539
594197276
151676538
54084493
494215236
620682870
939305107
186550896
1528063915
1395468926
84645624
430081961
339144055
310560313
1046320010
1476375673
339613370
165098198
19169357
776889493
1451806039
1458399751
109037935
148843959
809928992
251951706
34006106
1405109984
56501158
430723170
159230572
259330994
379231272
1413326748
1396068408
1385776250
1375109000
1372897927
285283710
282833351
318765445
436076380
829511660
84083384
108314748
163679128
807551545
113122885
347637187
190732603
1323099164
556885499
1093219903
71675505
1307702215
184286337
147396334
199925589
420488412
1281997422
317823480
253208744
566757679
831553777
249831545
1109388212
430048698
598767425
632944372
1243837843
1242605168
1241987924
21523428
1113588132
15275250
550720653
1186960843
1179283069
596666602
258154926
1010433824
914873594
562450827
186510447
124809843
581996317
460714233
129318534
850158384
1005067232
40814136
256344123
336672018
930199255
170126721
139904517
298899536
734045407
488667945
958347258
120198873
939352956
703947163
305996891
41639538
214879565
264357977
245155258
551109741
163231407
38596038
297722439
134602649
314687897
123648741
145866753
339075999
