2308782282
1317432235
2501957727
2236947747
976207069933195267
236800560
2299472553
970830955601711106
226597323
615461440
2389811246
1353276204
2608367277
2387104473
464888722
1672083457
1561634209
281240011
127057111
629819723
1594107049
957665794405609472
337173289
1878152174
950644878689603584
940390308310913025
996042320
1633546496
91815781
558030736
520570887
113097341
348219408
2554950888
888560535268143105
1494555157
943483752847761409
2422037046
2438952031
1591877166
831569215
28013742
942493321255153665
155615474
941460590119325696
934915362860228608
940931910494248960
379950040
542884181
938880608486543361
161311228
345499689
304762813
935948048580128773
1318635524
2601067582
354086539
2742305209
443350226
609685584
4765320617
262997687
144593593
47567357
354561609
1354185631
2196874963
929458967817981952
1390276723
2154986226
185344462
176150180
2739913655
1952664470
248970172
2223580778
104630162
927193658532794370
701646038
1857608155
299724490
2161147370
2538000638
882805103593488386
775377352054407170
1963611732
146855073
1035154038
377385461
2610223156
57947920
142811136
2184565839
308025100
922252268983943168
877354190049169408
122260349
921456332380819461
1558450602
1513999387
242719571
197867479
2441787218
707264690330722304
466732671
1260477493
80225907
1357590823
1877801695
598733835
759929804288294913
197539064
298280523
917988214622867463
917959105041653760
917335412296896512
2370323151
912693398016020486
1337772800
972768498
2327150995
843495403463081985
72631212
293767184
768235309
379853026
1387779810
914828698947342336
557352583
3045430312
488124097
2559459428
905239953952690176
896014698
1584573234
913143979872587776
1014329059
908521176
966483356
1634289770
160326450
387489371
911683925587656704
569335025
1216464756
1342271522
910820944314273792
2808251360
510160279
235673572
153917325
909982336758018048
627875443
2797080301
480066279
905986202247077888
464047765
1145396096
2392258755
4032135615
908571888514883585
908388080557621248
1143863852
2791756912
907130954854158336
907026280721285120
289678394
973631630
2656697704
906250203333877760
539941724
1041317491
2432504303
159345109
905580120177561603
905624375315099649
1687042122
1466567449
175807285
314227785
900868098747752449
318803636
2323406023
1909758404
247086610
904544538341015552
1729702476
201540719
535908094
243421035
167791538
1569587826
2647715881
1365413851
456845402
2615899350
348869239
1494240618
842652312
2584750267
190886879
903074697771929600
902947091563065345
2164291226
117856657
902684051903012869
808020619
282712226
1566535688
2214818917
473455745
1323432192
1206320520
1535639144
147687998
477289175
205994073
1390983584
2550564395
2865053749
471458495
1324948441
901907587540627457
525538971
283350543
257179085
197068344
254194215
1544344843
121876236
1554354625
1293771391
2533432490
911090912
226407943
2612029724
790453974
1553799625
1462676059
717052267
341628289
1012000310
2841715420
1322887759
26895614
106501914
129636143
1543559185
2739411922
2190776221
323065436
617735275
2330509056
2268155724
377611932
184491069
576558287
2388231250
2664002190
2172376407
2293299536
125212098
625522645
60391906
2616176612
889991017
610800844
250225274
340029185
2559625634
2176529498
2729647575
2721594767
552278442
1948544070
779702520
1859444071
446620295
1631411120
600765924
2456889230
2466578646
1053638180
715108554
2414745278
155981226
236854222
238677723
297577670
913803374
252381606
1567035277
702353289
2724551934
2273997445
2444571025
396737119
573325254
618482333
519988246
1736481414
477394379
877135475747807236
1383046099
139903010
149804888
948153426
709873721
770208829
2764513702
900038149400932353
2276396041
230073937
1228722511
2302232619
714632569
2252957755
2343988802
2580951038
708270847
1078263038
2354015678
305795626
1460331114
2424010598
1086032437
1202811517
1118310176
1586811937
1726790353
285716358
2330591619
160743311
1008024812
229100832
197273735
167527103
2818947831
831974862
835697835077152768
2739203895
395929679
887847342
2266365048
2717758615
391030726
198308250
196409056
2626818430
592303196
193401805
2184902630
2577609120
516059062
566290769
1135100551
104240175
551548369
2513720432
1138647427
1549191906
1496554429
2589476864
545668689
752052799
306962516
255335576
1370690466
2322895582
580435404
2301951146
492261659
194812215
521819640
258396651
1499362136
2379425886
889702105212231680
816527804
363483363
110732928
702323828
402915546
403793710
24462158
908207605
189343868
854193690
2278476036
632259068
1164086504
65796197
561619957
1172077866
2346174924
285897307
1140371761
340385014
766629715
1023593245
226812565
2727603377
200707820
151951294
322374669
132166800
252840422
921663222
827387282
2309461308
1321983432
614852731
430166074
2189350151
197935064
440092482
152019898
2187455268
2535366039
222326093
2301987727
630353105
1586741203
528055141
881232924
192029990
248736270
409585814
120611712
733609729
50908409
1395775130
26502528
2559312457
1094131261
442351855
1292185628
921968515
803242998
1708360518
236733738
254370385
395447154
637181849
280106401
227824689
250905516
829621832
561732644
310468699
930567192
425981205
139574345
1849553605
565826720
353982615
1403450262
137879993
95474997
568671181
712090952
1279204238
897389786255589376
1197185828
602995214
211823548
1631184031
138122060
924075036
186933626
451788998
194832058
170337158
345831662
327962446
101377133
933000518
205472236
291524276
1199345437
69693635
224099377
627703000
422328987
497264348
215363658
169112083
95566670
377622884
309271484
105563864
74323050
327168739
374257523
258027826
2364224398
2710056571
125839517
169437975
448737308
2673794896
410779271
550263776
1633824907
1404156362
868281733
181694559
2383231222
2587819213
2329611591
1306119926
2194494386
2675095849
2788416545
2543857374
197917452
155409399
439131388
277120973
1151664230
130762537
187646152
143951573
164111486
150254424
134301471
2716176707
449130716
499096274
2765554761
848399769974312960
263418259
814017367
2420733720
73219963
2291502884
156664998
2351372300
2874477177
1532692609
2649346592
1713542226
219109998
1656760926
385815035
2769033045
2753454410
2223116269
1973496600
755934414
2790966761
489793561
189726174
455751730
165987291
1395577334
1924846832
772022438
2743869304
2537820361
392320938
453396582
475118876
107609841
515757943
2751075748
520708367
2823955653
2397257341
1335075373
890086634645049344
215063778
1461141481
1518208686
246507188
1020706520
1353220254
145109506
1720904636
2206114935
497636057
1081059402
886700527035322368
527942186
1628925493
1177504165
167826553
1711334785
165195256
68494961
2228491447
619549990
444785737
1228871436
1345378718
986014951
1041661220
1334457625
473034881
832009038
2317213266
2187641899
152658125
1695456134
842308837
855452148
2835318142
406762331
892431364573868033
2267642282
223333604
295881006
192000506
2409823921
132270301
254396268
145462952
2379857323
2555923201
1458528655
473127819
1046304014
238698476
2171355451
1695471512
2202645335
2766089854
131215490
2465479836
466769219
1610129576
2355653364
176424510
505206694
2755685256
2600752237
881289060
1620350024
1869612763
568362198
1341954463
1854674551
891007935094173698
468536701
235206712
138760414
1485668498
2160456223
481386019
35099519
719114004
896156588
6092962
160617460
462323294
280431701
890780782138142720
86371238
41880441
103130269
246367513
783556878
258863340
259813947
1395586530
1095928574
2453949696
259037843
158439833
787642597
317854158
1265919894
178528148
608633004
1890562752
1361533998
2473302421
172381671
2277943961
202706067
2232497720
2726136049
111631470
764879568
243307150
2482565172
1239594528
2751159549
2156406074
184978639
991949432
209743928
2468102101
588521603
120564043
1883129894
147499260
810092772
2535753773
2183263536
448457393
1460304306
411754303
178207073
473125238
1191763872
1340340818
345032913
335477064
2377779211
80472552
392245903
93970785
46360003
589736742
865059411387199488
529616570
1249971691
1070071956
1926866018
2397986898
889926440782901248
2343970341
264992810
124103708
1364278669
154719883
198947975
545397132
136345353
494761419
1447533264
478501958
1626372824
127053419
1433876563
1656329143
2333421221
490598555
225725115
303372024
337883837
2442743479
2315791700
1915244508
258646921
703957630
207690372
1692621696
219350740
2252360439
282739937
395487322
1630576704
483143183
2923763950
1360466292
1610921012
303351795
888048817819586570
450852287
1697513174
127700181
749917656
241138642
2345268324
2440048359
1574017831
769624952
2311965930
1597229562
888063660563804162
362541172
254821477
1967920273
572291961
2437862462
189269156
360041662
118460392
1633904570
630898386
2485517721
130281179
1526048580
107569572
1494015632
1058694194
2306675079
998237497
491880376
345055439
1112117802
2185770643
540256014
1649290213
1027753922
196278299
1601926507
2463775998
307020575
2423558846
1229947884
2364861235
234974804
1104333775
149215374
2490365857
735752557
581317237
1413990116
1569641970
2562846909
909290504
1662823064
236685032
2359205181
267713355
2463719101
737939377
2546616602
281882889
1643786083
2298066365
1623631334
2424172621
28918980
1321206030
1624334282
150802982
539408669
1021012086
620219351
58413770
528144615
2568213396
165589869
193917167
221942876
78211656
1105241456
584857181
193486661
1497141337
591125923
1902490806
1537667654
1110472538
2167667881
1689437886
557059655
1634166559
481236320
159952784
2409912390
184279216
197887776
102161730
359093651
2352322494
534678491
243824709
293858372
129218325
428576661
2176077274
127275343
2469906174
172815735
1223090743
1596835020
2997620017
560705190
205788378
2655249404
174830538
1692075540
433756777
100363892
1360803410
2518593872
2168728639
1413258061
519053148
703190999
363988066
471414098
227715331
550434794
150738158
70989938
1597434534
282818947
551533245
316093150
2539783550
300455999
1469856522
616569292
2181103100
102529915
760324831
1400239734
768341215
1551754536
750594126
266725007
163675901
612837857
186831494
2421160404
1573887674
624188261
1613570462
583306014
724592136
1395213150
2243222810
305419356
2364897097
551270048
400270868
625215676
367561173
1308193656
17352879
128407009
155400593
242474252
141375220
2402732144
1329443209
273096815
1009633652
176575238
320509889
609758592
375887359
592928652
383981849
303344035
186588159
1872730351
882048831390715904
150465490
18358634
586000751
184061698
344425261
288535334
636493815
248476315
143998514
139603875
261407210
303046775
2650740058
2555673564
415944671
71030995
130899775
3032943634
204862266
136980668
1523575424
1935318492
157044998
571873604
1471315789
710913030
1561191090
463185987
1857900126
2325316434
293159950
311545137
213397724
104847970
619709994
184579414
2599873126
130805732
193821390
576587474
268781929
2448877741
1110732020
390362302
1083878670
77208589
187252905
247847597
1599266952
1876832599
892251774
191290906
298602588
910924291
1343125273
591439355
210988771
880240748872044545
80294869
1067204174
2298492252
54019118
993668815
729424033
133961994
1345884126
1013749496
2730406613
1609235347
2303886484
220429666
1002672757
1092965534
36032320
382164997
570867466
2444093209
41077943
2324952703
1554496230
68749178
1179614922
308181900
2657463261
148833202
316177396
1692087102
72272880
484171079
2381456899
247428206
809952350
2338025555
2534856235
1445094642
192024694
203845106
307179185
2389907184
223716012
285957209
1852688832
232314798
706110204
826240686
2569548324
112970794
79347981
186831137
250974361
2171179568
305200048
1385098729
477081075
1525338606
1268369886
2291282106
799155961
162899253
2302464355
1223688919
2238183656
236013842
2280962240
74328385
2437507040
2244610328
433767113
893415828
1888062859
3357490115
1408691455
99171301
2198451804
357791995
2421141716
285369992
2376505434
341147153
2393352728
336871379
2163534781
254376752
141703156
2441965896
470393216
1393355995
2465051100
1649064847
1708035654
1892296303
3386454820
2191185902
893431741
2292071594
585809057
748226648
135275346
301210872
393126674
2326218739
149495820
1958084736
316709587
522710307
1919997319
566411593
71429155
610214537
597921006
245437840
348903324
743907066
981930151
2425923835
357598439
713467130
2355337902
610167499
248415542
930540290
2363597521
2262123966
227441532
2430527958
1938989622
2609995557
378614723
748381118
152777245
2196156787
1651587655
436956381
835832210
1902030224
795207630
1491225822
97288417
362145002
335015439
117175823
66261237
463917080
89269702
1109510516
485397023
28757448
295918468
1478035315
2269506224
506799073
138246416
1270481340
88051340
207816600
569468560
626907216
58684972
838925419
1978628526
102662252
1591064688
2400264144
890676770
345046521
347316085
163198735
148109196
849646909
239145830
382999851
151231294
874768934
258995417
76773027
267448729
1162724960
1176665227
414370154
138148447
1074947857
2315831364
2332168934
92588650
130570479
267422602
166741110
315394015
187335776
146622843
107233688
834348968
396823307
242558023
137899813
256278350
80721785
2209610588
984602624
873179595683573760
1257578791
172365844
872219257345634304
872287637473812480
131224298
2147947340
1873364634
351041418
871114624543928321
871042992848687105
389661106
870750450076790785
1943014292
2230744172
4214084175
601905185
190423198
869928610924253184
148467452
323434737
869264390729719809
1256006654
869011813266018304
160234775
868734807513149440
272362911
744282103337082880
2232522646
1526587843
1287878846
502071862
867981717662912514
867904298377773057
867862089951584256
117504584
1475966258
1706052673
411033123
1207667768
162499194
1154589056
2153717724
2218885625
564056045
57548150
911290136
200690253
867168861795360768
266281962
1321643426
271000071
604998294
193086610
1338206304
319375836
2212638288
948954421
1054905644
1076862894
1959727147
402081771
444299726
866672003046154240
1198395884
2381157414
792353146936889344
151702360
130601680
115499356
26993247
513436480
151946215
1569236965
866326763298750465
185440949
161810476
206618533
1189584182
143232879
483942110
270103409
217517180
1646927059
452380198
2398495441
1861216554
2261699748
1175995088
1535195905
1184493949
2429342422
189178006
371028614
279127170
2289964232
93035064
456275043
511677528
1688962813
315527846
281594696
1932350546
1498404421
615750830
610433400
421504481
1267037413
2298469337
701862493
883673808
485381331
294827640
301520138
830321720
1648229756
170411018
2326481120
242193402
1455559920
1408504302
2232171637
384644129
110254641
1897450754
858700593979936769
35794007
824062627483619328
386356731
133570406
1049218663
864846521522679811
234089736
864572803202375682
242297422
864127406810025985
863479610100641793
2821600960
266882992
862945843825053696
755081008559435778
861643887407968256
861404777963544576
222318591
595284722
860888306619265024
269508388
860260127198384128
839503467605602304
859167790002995200
406673871
438744762
701826340
857642196962598913
2226670784
733044874023428097
2267802596
3185262927
854876290188537857
3176515457
169610636
854160798041505793
854125633957482496
748975582319443968
403026859
850336440445792257
853296893027332096
1098370351
852947821523349505
852595201214251008
852508634328203270
1089741073
487427791
835781393015799809
851256855951233024
346265193
850930700689829889
850745935059660801
2317231812
4661802441
849442608086646784
330614289
849066027111657473
849036288758034433
952699178
163508001
848734121518141442
854031378
1873818571
847951101429252096
847581328119926784
67729758
153917563
846746481256206338
846206398165929984
1904185304
735027397
845746883851161602
1864307510
2910165843
136495504
718042726256627712
1967590932
572097756
288547514
843501344162041857
843148631792390144
496041212
842672423547867136
842974767804268544
812045425
826588459712311296
147708734
132370702
841410807267262464
763593117559758848
841399053372030977
1149384427
841086710469517312
41973268
17067406
840271490545270785
840261519317356545
207742946
839931008921264128
839925625234137088
248783184
3061716767
839719561201127424
830881587881504768
445566905
839536785675943936
238281653
732403013709664257
836338257621364736
838981939524747264
838976635986657280
783259591
562310729
838620719177216002
838361325952729088
2279192059
837861684186316802
2830227636
837822487203364864
201379590
861364178
310992723
3883722143
837148639537483777
245051855
2793038980
836749824087183360
3413316915
836715197427560449
755527738828656641
4769083767
274523680
805704704
835572307569569792
332664884
151224994
324982647
168971824
796030535034372096
834832611365285888
471362828
827622912
2305360134
834153319237025792
833790671148425216
833769679034388480
833756809664008193
1496961186
635011161
1156877600
833078839395905536
833025462456688640
832956294151675904
588531585
167919833
170398302
702000859
2452117417
176902820
112440578
2238586944
196676583
830968756150996992
831218122933858304
126118356
361544447
2496665251
190642106
319792550
2781575391
1297275890
779524147
568282990
1865102238
829550682348859392
2847666521
1558371565
631415152
158785536
781199594927616000
2284587818
829148076644249601
193069541
707251464582905856
829032734945316864
2974908557
388617625
585293639
572377072
187675673
3909850343
782892811
318859659
2207604812
817097904
294921934
799583888
806248944212840451
825787302773399554
827571092982202368
3700916477
827515796167544832
826508683680952320
480137725
1558617150
1529416045
803784227003236352
285235141
1514997336
292205320
309195681
81940365
165307635
465752200
722362321029439489
1423495298
71937886
74137576
1206990494
278371631
1428785370
244280163
2357633319
2533059281
1559134561
3192333917
784539823449210881
89597412
1370543970
802305011636178944
91539866
128097150
826047090472132610
117065305
387977592
102758414
620648298
573898040
1967939774
601545948
2455859486
203530458
487225179
1175542447
96401572
806285743643623424
170418524
154229226
3621680962
4343248156
160083189
3284825150
749770803655348224
791025097180114945
161851722
3196210493
2605771975
109751424
1471060098
114294269
3105959673
602784739
731520283987869697
233823868
2228517498
432977908
2453667216
145842695
464538201
105117959
795391595709366276
532280248
508952119
136709926
125337474
2227590955
2221768643
3282531026
882785840
139179177
794302253666619396
4238888157
90057238
926140447
1873167440
1629902964
778959283539021824
346265605
250850064
517810087
568684062
345700561
764928752602214400
853688227
739933891205693440
802161709377060864
2891548859
2836303145
722502616027111428
378135278
703402694896037888
139131515
760318835115364352
191970480
2970558119
454344994
772210453414027264
118512660
856633368
1186805857
808725038547529729
1939485139
360516056
764184092019679232
782451295881797632
573040384
1632756854
852558380
2170863644
2486637907
255716957
737368674
2984738799
712347949876043780
1320935407
484448803
2905319824
1650557378
2822744569
516078456
386899441
2715917999
476108694
81866802
319912102
93978749
37564532
2277192014
55369208
189286298
44578012
755972111118794752
185331210
720813082679881728
4110552853
16877457
1733236404
337352936
772649556
590490416
3362597266
1644304357
2419212368
2409098796
2485647528
4700404305
705145564
184187741
407151686
3034541015
592963879
495498946
145535037
162517741
3767116515
3031499657
574232580
716745348685946880
762323168
930438283
183093227
771715132510597120
428571628
616356584
1452157784
319418195
1462395710
718003372
896026699
2339965209
212605465
254358261
1615280904
747879654
1961971794
581570592
541066009
534952043
187298225
1488195002
2272281690
458896815
2170683974
1378987628
2152639055
1687296906
184024177
1689125924
1268404542
472315549
276139408
2312880812
835832604
1107038719
2189135408
417417338
2346281761
564151838
2220157631
1865943392
2222308769
133985155
1334632206
1517357736
258802053
1712437663
181243427
1626343886
584943996
1615675182
770291118
636699815
1546369128
2221910989
136523732
239828813
335096621
1610007908
1569608664
567899922
131307099
527048069
164887120
567360814
1539270848
2184725700
2238271856
328042005
258342791
37226353
182948258
298961958
989288678
112596716
593194778
194449806
1414010322
205539856
2353732590
152004781
268068013
838993122
1702856910
290618887
299941511
2222121096
375364466
973216446
87590444
227812952
1117474710
602825017
1457993838
703255903
821785831
1398076129
581979912
1324557354
334363582
2267877836
150877653
2282836008
799517226
217540087
345160685
2243964986
1262410351
832180650
337205352
118424796
933255540
874542613
1119913218
301506882
438086851
290277077
1334093000
306654878
374659480
381483827
180042889
255798252
473339406
822311809
273198459
442052839
93622101
263769238
289940115
95648054
128599926
171336171
732112140
728901762
1898872568
1347899372
896302478
701296182
332461709
809492680623460358
1458341065
1288456309
571854165
1187083616
3343777576
163606998
106228545
146963887
153520702
225392668
3988957235
99597793
730701068
281688020
427668972
146572765
104380380
468884158
428668291
2347240722
216811575
136145248
402310825
312150095
1394523667
1633831178
590509139
1540144501
254265158
438796164
193145035
1416782197
252832095
1596920875
278272279
248840569
116919289
2173768078
184019698
1589914776
2298410821
2149479962
131235122
1551891187
130177344
594101968
807421538492436480
1478880878
90379747
540150891
2327755272
186215847
485851747
2311289998
460629050
920358552
788057790
221189329
1490442955
1623693630
614033323
2441533937
190442587
2247582162
1676947490
1069454634
2221788563
2313307774
608130519
373922016
387960516
324109198
1449945158
1406121770
95383781
1628906023
2225455062
1036936208
1689126128
1278471409
131400542
2277504717
880445275
516693834
1475752668
712926700
283240563
942723830
714870008
145266100
414306138
1319140015
906284336
110805108
429913110
406722632
898329344
876698424
615537655
607491065
1857969961
588652459
384007585
1062078836
1414404042
272109935
1621620596
1066362794
1029590929
1439824087
1122422456
926579304
1164506198
1270988239
1066637514
1520391205
517070474
302785532
227788901
451137541
396711442
490137550
449140608
359625604
385174950
268399026
852804476
851050082
709361616
311613436
305047515
487279053
455931151
412425593
279565182
277212103
361581993
258044146
254348879
178899999
1131806479
206822743
948491083
968593878
123519239
118214808
1966875258
292721215
139563229
534956752
142759371
7288532
181099378
138118393
68999559
347756393
323300918
193420690
565043549
1627321927
46161430
798616771
112724844
140564308
456207507
187049102
1058853704
119746169
878324869
168231838
121748328
1343347544
1228561711
191955171
112328242
136797177
131987188
156487657
2169378848
847381316
176198490
282287070
2293659849
984334508
1206951800
156708450
138982248
101666405
831632330
257326676
485732431
501496097
142494457
1406396767
789601600524410881
865499622
139948249
131918683
144573517
455543185
1468881084
141404930
184200262
344840213
140544941
170494018
1267444746
75723652
155008061
14646840
171715421
767068092
606775131
192588852
101341175
142787544
147336834
164776944
165122432
184948957
104213805
946188925
164063866
954773491
598044858
254373317
1006420201
1318701577
965144413
1642054962
1445213365
808293680339714049
184180611
147213329
515885899
457085835
167587918
1955601115
436825900
1607625006
450908729
389116904
220992828
42823282
1723465706
597959345
316588413
1963540902
205008216
126381667
466587207
458504889
1086867667
610478623
321482615
1680373573
206830351
48408860
538638597
334412219
533411080
334801781
701828964
579280270
1740393548
707976738
1959206480
762974349821345793
611256835
979550706
553118921
1967689370
161439577
632637810
2247224106
752591327959932929
431161331
1706058272
1563966229
1885280040
2255436432
1681566925
1668784813
231981332
1611888990
434816360
560602736
703976354
320896253
426152962
2244915643
1554769699
189187697
119567125
173343168
302874333
316017845
1630669662
1852478612
2260442314
195615843
280196010
279656440
172498436
169476082
159610777
272282132
1455525312
853728012
807626034765889537
777313819697840128
478944659
833812748
1007021551
200633407
1609481028
3091524231
836730164
2565181702
2290405250
2227530493
709019624
3179697695
1059017808
1202874500
1500531426
2177096883
961395924
2196255461
1625892259
1297006898
233067664
142146002
867568452
1650474552
350372711
1585961167
1167286778
807066596233641984
276551086
363332527
1276783458
810174518
1120961274
2192369147
425206940
1739344819
147392861
352003657
304748331
226381859
305113291
2230899580
197250457
940013318
60133972
150922651
332663909
424434983
1276045598
1022726161
433635750
167448080
971509376
120598598
546416443
735892082
812537174
158090698
358460518
2247725659
908130583
1375096861
631532376
1942996380
440927038
806743570858143746
1029024128
976794494
175219643
715118095
317335314
260980609
456248668
290179510
836810160
977470272
777053611
552453162
1184405005
450005742
981846823
444055290
1638597344
145054915
1339673660
872223588
143595701
872893734
432896741
972754460
167550796
1557177500
803112614
172019634
328155535
150757041
428406143
1433905608
1605916286
505628882
174866341
144898480
877295106
809804688
174367679
567373115
175616144
176989357
865030734
324484278
472316506
74336128
1600821074
620260606
164383789
108167369
604636748
577555612
1201528892
1055960846
443698539
120317374
140886155
105662482
1045488114
1345660136
275697940
494251180
717361568
402958412
1370790702
402860766
813498096
390028535
241273513
502096671
328103086
402387447
130844328
206275992
192653778
263629813
117531543
180508926
273744117
1018307310
210996217
50040393
182735537
92318203
1975791601
16393080
1004607925
2790526685
165227883
1428424266
208138068
870722138
213506349
471554587
163959891
794475018
14295922
165288893
26425411
104871750
804926334
69778176
714650914532016129
2602730951
184498474
353120732
113557711
87742936
711904178
1269160700
2282977271
174693779
40908268
190802390
802894574976954368
744325899361918976
417345114
1222761278
872180718
413495452
33829599
52157524
174048021
113530252
1352819802
150647778
799323757152182272
305282055
175445190
224440899
971237737
304505458
380445607
3412790638
1444178532
222189121
2227359750
143937359
3298449602
545918705
2990871700
1531989630
148901289
563535035
227450443
324638769
146154038
1608857708
631612245
322294704
144211390
2700028260
255309001
242433663
341942627
105183692
708848212648534016
494931885
799597954533392384
798970676145225739
2528745882
797064835611656192
767558805957804034
795468517772587009
792182206294790144
791325208527400960
788027542540324864
787855172823375872
1528666308
785704943680385024
784519130074394624
781150162114711552
779696738991038464
779056891993415680
227317653
776860667257221120
3364452370
2750844009
771303891027853312
769617738331545600
771141920382935040
179753415
770339806652076043
770074990326714368
763573010859069440
766819280168030208
766034307731316736
765679121640947712
761672508470853632
761507354441646081
755426557477416960
529502096
2564069076
2908777119
714665981088505859
164896499
727933574524063749
726112983575875585
723061067878785025
3132095621
4736576249
721005068091334656
720386934745481216
719258591484649472
718072075936796673
716062331424399360
712689101636509696
2412963800
704836648245161984
706686539833745409
3864825790
142803485
2668399573
4697047392
701858977877987329
4921346525
1652403169
3021912550
4893148269
2371060984
482366566
4849232207
4483066882
4859224775
4853369511
546544847
69890549
128713768
4803047837
249476490
4756701077
4706026760
4701325703
2482130731
4649769209
3987881495
4665171208
4515068194
4559534194
53668553
4518203055
2450208315
557278526
4474626683
4460404995
616788736
4429139481
59946653
1223372130
4315389923
4316175442
4335932597
532471905
2939628285
598017367
4223335431
2397491572
4188255579
2776920080
4244234772
127108096
161005112
927478206
4162958661
2900604598
3060483731
4160105440
2593262850
330818190
4144779520
1132535815
2552238971
1305880874
2350729195
215904366
604196573
613154298
2337666302
2794056804
796835282
2475727861
2288458152
2892170230
223940423
228563672
1015217059
108986374
3382734569
1543599973
255301429
4136172945
4130751567
3158201972
4090520896
2155315013
274778959
2734248195
2974684437
4053208219
4060028958
4081386252
4076666057
309641671
357142386
184173929
4042251075
2831845525
3165639502
14529650
3380752361
3981020001
2264082345
2988923722
3995394083
3942868572
3982447377
2590189612
3095611204
2844850250
143605385
3894237372
3761253803
410068946
2384342036
3128232547
740563164
3895998615
3886179503
3883794677
3873421048
3025920185
3825606137
3817660397
598432567
3039893861
318076264
3767118857
260016760
3740108957
783271580
2902367320
3290806816
3703336949
3679748417
3680083997
3677656215
3664913363
3051033656
3655422563
3026525646
3510382758
3357948969
285764616
3331925789
3622654635
3614444955
3609429137
384498309
2469895100
3599762302
3594448888
3017495726
3059720692
3577593435
3578544377
3575880083
3430097422
3548019315
3003073834
3544663341
3506976797
2888701299
3091461219
2509935636
2596571508
1242802862
3507188715
2729704538
423548539
2472833810
2477315238
3437616790
3458102968
3145454579
3418668179
1004340840
3050203768
3437779529
3079612846
3323340656
3430762851
3429005451
2927355032
3432313923
3130820471
2865628711
3320963209
3048678087
154969865
3006440547
3138453369
946898724
3111573725
371902056
518427883
449524452
1063236427
1116543553
3424003319
2155212934
1338001556
314596493
3422326299
3421533089
2301784243
3420794494
1519110818
2576325508
3314568800
3023204546
192181403
3419430083
3419168979
2474841727
3192052360
2868508413
2688820270
226441863
3298544653
592980713
2810413059
2203075555
1012473518
189660767
2188667322
2651663262
3068224218
3182440178
3126484856
297581114
3109259895
1184219064
2516174784
3410273807
1723649778
829312784
1641448956
3050470559
116294572
1345707193
2745653193
3002339585
529092117
518790700
271020183
1059095504
1371555540
1935933277
2560293680
197803482
1462760737
2986577883
2807299498
2815629482
253384728
3408913353
3396394983
2215238222
2432878602
222629514
3399178396
424410059
1058977933
3074694298
3394527921
183454640
2771718014
56728112
3396068806
251888898
391470917
65989906
299874400
3391282138
406275094
3299621739
486179743
268052457
180788660
99220308
2178662575
288269294
319856798
195945958
174049517
171370616
151245318
3297229678
236707506
261106167
918551768
151206569
196992499
106211687
165970212
160577436
404015430
336705171
254408295
2940377507
322313419
162539896
189304582
271251425
232404330
710811062
3368374384
229922276
157172607
1069937730
304763435
208698324
173031493
225167354
254705705
168392617
317204029
133807605
343068784
396848279
189200231
217474458
301798444
183231616
179758298
1674030948
238272442
75707429
191625445
398406782
63604736
1032064800
226200604
820067899
66799336
3335425781
3383723236
3020266714
3257423624
3296452087
3337848983
3345872195
485203109
309939185
142787277
211716394
272431085
3293114179
282753093
1551931434
3290802432
3153483735
200677202
3389760046
2900674941
1546562256
3027163696
337253726
3371869978
497122560
1283010613
3100551005
2404663637
3376406614
183331115
2481044359
3383979861
3383892591
412390736
1058099292
199368084
238173404
198048763
111165439
471113615
358868343
351761225
138745108
2806696915
290286832
24496196
3375628143
3283589413
315372921
586200246
329039733
2170970286
395658827
2278213874
2799735959
2342880366
779277818
3288675477
2949746014
334320965
617115789
130047198
114315837
259423984
1686642686
1324938007
218712430
3378871457
389749155
255172932
1577974735
515922080
290290103
151322048
154590788
27100195
2366073320
1319267341
127088102
573082174
1346764291
1284180565
1368264788
980626148
191234026
257328201
919898030
1374828308
1192933897
3374216753
3374249524
3174168935
3180069178
3075862330
3146814871
3050725117
3077635469
3153672971
3148648238
2997226875
3167282625
3085533371
3181845142
2297957583
2540588706
3174368637
3132372457
2512055973
1385469992
3159885333
3154013157
2263142274
3376549719
68536977
124689273
313592482
3374982177
785902590
101914834
2303183448
2956941467
172508266
3369550631
3373044513
494466798
238258050
37319278
159311015
863120778
142395198
417390010
242422444
202824958
3372245261
3243619703
3365813133
3270781824
2574954552
3360006952
3268385761
3356886406
3355122551
2818384665
272039561
3350988184
3352283177
3305197349
3345648544
1470493452
3343030407
2401701414
985854421
493268012
2568149857
1643880746
3331921527
3226609775
810984158
3328802818
3020009116
231842294
131978485
2259186384
3095673335
3145390467
3321428362
3237489891
1708518907
2173236166
1602355026
2847235408
3313941515
2905950479
3312686151
3240486802
3241524718
3123199136
142445597
3253024809
2201782699
3198266627
3311250580
3311092918
2908563874
3047150832
3307185875
3308868759
613820365
2790292685
258533146
3169330104
3306721115
2591786591
3307113731
2895929987
3097044463
3239165476
716786928
551490320
2290064150
3252417322
2729228222
2913844180
1365893119
998791249
2867675765
2591486053
45258681
1257552973
3304637409
3107507973
188068982
1432847886
156445019
3304137994
3240743897
2438973430
2987466495
3070303240
214667883
230941561
3158176085
1135663374
855403986
3196555995
210694913
57000853
3144786375
3039980289
3211288191
2658025291
597681036
3298556669
275336220
3149566845
3248201308
3258614615
853565749
2909518553
1966856672
3068023337
3215275727
3184440251
108839986
2837396211
3295298513
3171269058
3023311607
3224487747
3055776064
3008277339
3191954725
413677613
3152070278
1595167848
2909828729
3184461416
245476130
3220864116
3240755871
3147708467
153151474
3299336435
3180693842
554490198
3257393675
2988713776
3130774779
2710292175
838888021
2437549588
2437436850
2792456850
3137599081
894449538
3053105113
2831589604
3225447286
164440463
3289040722
2415229526
3054330468
162423405
2442849816
3288848909
2636188810
377105572
3060528674
305953576
707754589
3293602894
2548795118
2491795806
3148626713
1387442665
2753458333
2285708053
486981594
3050748035
3199456895
2316051602
408840134
1029340488
1486482980
3154028295
2868093885
3297663737
195004637
3253039342
3024085677
3125693201
2286925512
137823856
2851360903
3069136053
3291240491
835960790
3297331132
2808296129
190309625
3140311050
3000288867
981449384
2976997943
3135475234
3293391551
2770538415
3287964106
3069862281
3224548078
2938860177
1961512807
2486225108
2950078168
3127289952
3196780707
2786439308
427129001
174819801
3040314466
47001385
3219752814
3131190107
3245590449
3004385092
2738373490
3291858479
2862437775
3295835386
391023024
613196464
3211152352
954611324
2821022799
591089326
2755832098
3125517027
2908648881
3171254115
567694054
2205752114
3154161052
256162143
2829946162
215704137
2390096113
2830220722
3189015488
993593064
211371522
3130545623
3165898554
2985768905
1187969066
3181397228
872519214
3070294958
3223853071
3226319266
3218803627
3282130677
3255252460
3252994533
3185264644
3174863962
3279978617
3033364655
3102614675
3020355082
837737166
1355662190
2586905082
143011255
3252902643
3063903872
262487666
1405821632
2945616458
160711417
2183338146
3257872414
3213991902
822264624
3289715067
2827870341
1314789415
3122688825
2747995553
2928123208
3290514431
3244150156
2844442485
501227476
3290030075
106197485
2188802292
3070966534
3130319019
2422696240
3290753223
182904033
3292757993
1364726108
176559914
265586492
3240485931
2784805471
250284438
1317826741
1543564544
3007072114
2828746794
3123685105
729326220
2482596690
2746435429
2979681322
351678687
571120394
3237406666
2927881632
3075970733
1624014506
3198421368
2637842740
111694637
2937717173
794485754
2885735589
3169339154
2812394419
3079132962
3143305776
2551202712
3243784445
130699895
3292035105
2717065858
263797818
3233053582
3273000825
3249056025
3293279859
2986090846
87218861
2778609341
3248210782
3120364865
3292190591
3222543546
2352655049
3198411246
2699913549
1727064872
3171563519
2947438786
2704934358
3179409901
92681650
3210395812
3252838133
2903101149
799432220
333017144
459516274
2485224082
3292208903
1631687028
926347910
2484742891
292077184
2740822065
1919844716
391755970
2391645380
3262016896
374528414
2993608156
2751464855
151584520
2432130349
392985267
1085419748
1473128664
439421716
607597339
3043998988
3198552103
2712768737
3248043873
2821727804
1601757074
57567775
2521701619
1332675248
1180975994
107840059
1554509696
811251535
520034367
220536117
448848775
604232046
205740691
1403488668
247006655
266217744
1041755538
89262297
215445713
2834022621
3065843855
152786872
609497125
3083313742
1363410481
2769679337
1944670584
861948559
885352872
2528315940
3086678530
471503565
229987186
1393547659
2507861857
420398731
1155097940
1093758769
613947399
1535288624
306979329
209859225
2241127669
3240722007
260327181
2448688311
2887996481
3128010345
151328417
1848863226
614587953
443197525
474542591
183329503
391556736
277097294
349373405
168340610
2809417469
2387884034
237790392
3039502797
967324328
1942098920
258858833
204396423
520904964
2391515394
942616705
1225263241
2620438315
3254929498
16044411
637285945
297127517
158518655
503688106
416575123
121442763
60899964
213029503
2342999606
2162701930
136532719
722806255
94834129
234497639
597457054
551490605
2949100695
796285980
3251518199
3249290956
2955717154
2931717409
1909785007
2590236548
3241794581
142479735
2574728645
3236256328
3227496045
3233464745
3233172196
3227489807
3229164460
3224830521
3210694869
3175654742
3207058078
3131032841
872733733
3192146795
3188485901
3025023131
2756189710
2897778339
3165892252
243641391
3152191660
3154766812
1695012308
2519015767
3078571804
3120812996
3040213816
1188275281
3014568502
3099219508
3090489350
1359917478
3115934613
564706256
3110364449
3108463966
3108299169
2777817813
3097036228
527172777
3091917742
2907371513
2883133895
281889083
2724817137
76679757
3082424135
621562152
2334270847
211367262
170406571
271048781
2321449976
500263062
3051571242
3064853554
3064473489
2849299894
2721417965
2669933210
76674303
2538224678
2994289360
2977874201
1596341059
566954811
2975475912
2412674788
3032036513
226002086
2915024411
473361979
3020056108
3004482569
2356580768
3009323301
3019901853
1840283450
559189353
348182550
2520642668
2994984907
1249191864
3004163759
2738143601
3005052520
3002742490
2978820111
386818146
2997854072
128991653
2992407885
945341370
2867108290
2405252038
227571648
1549371290
1014235728
2367180348
1939037052
266869401
529439974
2880408448
2949960071
2972203601
1167837127
2482874383
2986637747
575945769
2965458783
109890998
2950360342
2358338323
2254018374
2980709404
251934252
1319694145
542384652
2750559461
1620913890
2978989989
306373267
2526246479
133580485
2978120938
159643399
2548760810
2861830654
2588277002
226738098
2962166171
1220365856
2959005339
1465134452
2885987231
2736740753
1278094915
2921435841
2503022762
2410484354
190900660
147328558
1352503322
2436943881
2970752537
1724170399
152668578
2859741437
479885328
208690502
231608481
242006745
194833346
2164306631
2259140276
127644438
2352701870
256341285
266032393
354923746
157262965
1567436814
2804936671
308582494
148532786
241299732
2318504408
772451684
172357808
2242765303
2304993341
432781422
180632083
2887901962
349796803
1614303025
1858916046
1667900064
865191673
798630511
1604367433
2322973661
2228299850
1588705507
172614470
150846651
229553236
45215908
2870692407
152824710
993078006
560749409
1949913248
570398023
1218778579
390133448
2948811550
2499665230
1511916360
175757292
1189710007
85204090
190515394
908591522
1087954644
145484530
2965127961
389021670
2949091947
2774655568
136497969
2958782134
2961585365
858963055
286219399
1483774782
2714433825
2469805953
2959077268
2947346883
2304075966
2956166163
401009465
1405519106
165871592
2769374463
141306909
2946749842
1714927159
88063508
2949053476
2948948565
2329606339
2939220233
2771797384
626758578
202221043
2900064033
2468408004
2900879963
1499988037
179294607
1730613967
2939121166
232887825
240790871
2851404016
430894864
2914134551
1623164822
221184571
790841226
174058280
118828759
2880228173
2531217368
170047778
17909498
2823129929
1645218264
42248723
1703278644
145340712
2938451170
151683798
1447331498
252202660
866632436
1693622450
2510610927
619466799
184581602
117871401
2879231614
491500874
2937661809
2750789591
2769908253
146692901
185478956
467516085
1265277528
2654605550
316053401
2885462831
1109225407
2821684703
208079648
193559031
255780339
2558299451
207002073
2936988724
178024522
2806609323
1616772654
855607471
2546888000
2911264809
1417180742
457715103
901179992
305269689
2417995200
1691499522
256233993
2715786675
282882909
198367280
2793211943
2423804764
747397824
332519774
2416378476
152851825
2180879215
2325851150
2823914139
1768759100
1532377356
1077479179
1071658333
2564347634
68145049
302295406
474477886
1306326061
528205935
260383912
1924462333
226672970
2858135417
2392873500
2871630503
908695477
2604621480
2214845169
2465098718
2379379500
2292409450
1727019529
137352038
1520260974
2918458911
2279850620
219741086
247874846
1631459641
222103711
2536063861
2352527576
1019106241
2761539488
1641552451
998604588
1198560584
519643378
314671344
2824851348
420629249
2935155374
2531126528
1496477252
1096790095
158902897
462150813
329401764
1856138408
584163464
2783284295
272597582
1877339833
796357603
2233306352
585308062
1573742323
1000682466
243354543
1942815031
312823876
890980998
580225096
247826121
2294964127
1947450072
741015714
2646313686
326508905
1229265727
946529096
1736711132
2450065364
2912011703
1422100423
511188111
2149910485
2233326956
1125129756
1315262497
361549014
2238563786
322308322
449856157
1157584062
2209628209
2730072421
883572342
1169463858
444767433
2194899572
2763460614
2922711509
1738136467
2601879271
1544598894
856181390
2652990337
2497785586
2908794323
1143158906
1392604794
541169240
407541767
507464925
2473432135
155484707
239417656
1499309670
1236381090
1924803415
221411317
937049430
1244861634
2471970792
1018357298
1884781934
483007545
1057094102
2761912156
185692431
136458082
2670177679
2310875611
2361832010
1651531086
194780848
2482985635
1025784246
2485904682
885487016
132686964
512338690
567001851
1421790631
389656316
2718341372
902262403
2174057117
2898623537
2188978222
2169167552
580102118
1228574174
2372024235
1926512617
1928138028
1291721640
2703751497
2598168094
2751315247
977068051
2298558517
109394206
2327892134
2352535980
539319017
2495316822
633046817
2673546933
404951176
1042670312
359760324
1223274540
1565432659
2347327196
184107771
483134923
1880678082
2513009960
512858913
1206586736
514847054
1292330011
2415098167
2538284078
2278655866
2609474914
2491687608
1284913748
2315812488
607470144
234574482
2763547353
149751422
809958091
820454336
2319763566
1315555068
275279200
1967859126
2299241297
492697908
2382560996
2740307295
2425269322
2490470526
309405428
2604381014
2920110996
1921060819
187316107
1273730077
2283130014
396861851
1546923780
491372575
2318693387
2402421864
2268872726
2627687909
1470722719
2667574600
498295694
703186522
314732064
2412916830
2414908308
1273882850
2434101974
2738074665
160264403
254381716
201037891
636428654
132952704
2510309463
2372281266
132383126
285279635
2267168541
1625610260
1668105326
1884169304
212410506
2467486467
2171075426
1680051542
335520971
2542143794
1225957068
1578431648
2856957958
350588096
1511938207
181270061
127758915
498318703
422028673
2365648752
67884563
2272366711
448875608
1545921852
235225764
1488425766
2748218915
1573355258
332421658
345588546
1684116678
159452804
746527250
159670854
484955874
1712359268
752144556
993466261
2198887352
52797283
1674163848
968994631
347508680
2429092027
510732844
166626279
2753759308
1061971315
2164043490
2776501046
2722395203
2347947715
2207995979
1621742965
2559632975
1569362592
387478293
1683623904
2515695543
1496377728
255310522
1532502211
402840736
299778274
130413884
1604470862
1972569482
1339610724
92997526
475165751
1466431076
2801130409
165149376
255768976
385077673
548841922
708592416
2502126258
2402759138
2316056725
2785316461
2925391534
980533682
2582979848
2264693180
199472652
1289680038
364370176
445227489
2194199263
107123695
550335393
2915901622
2802146347
974696334
178106502
2533390903
221832493
2495285436
62090136
911258016
2511522350
146242363
2928984496
2738122771
147732341
2800402964
502345479
1247884903
188449085
1537427762
2489054347
1182873192
216461195
2326608115
1305981146
885523596
316485632
2391437983
2302635462
2467044524
1569292572
2594120936
1620155024
293215397
1711162392
966452683
151518870
2425918975
413571588
2225786917
770130356
230981098
1694974904
923453491
496397567
2232545532
297208131
2533643948
1605111325
1736290417
2813993862
622248076
913597280
1517940090
2531981961
1431660950
1376555984
210987317
1146336487
195983154
553787126
142428226
2513278985
265938779
157493684
2395249273
1242635150
1938842551
140207219
1001678563
1338400082
2594364732
2557978612
2329158171
2432728051
1853209417
1621785187
1645521763
2255396490
1675632516
1138633243
1869790237
2160024776
1665979507
556412601
2353678267
345285149
721408182
2253909104
2596106817
2428249537
2257277422
1262490456
162785572
2812650972
395517865
1909604521
1969340839
2426601343
255304203
2414501053
2576122235
2931286043
491920066
199331025
1525519374
300372955
624422079
1623633698
1499497231
383040291
127644025
2918136346
1061542927
2205732786
61910258
563418064
439290382
78019404
2290414602
384042213
1559155226
1340446160
2445842815
848238480
2729911897
185908449
256813822
176570918
253317766
127361021
1001938734
196445269
183997763
2495078463
1411620410
1067462462
222375277
2926108991
944844206
370963342
144590452
218158520
139806693
1658665970
2397356266
2321660106
340193888
2811487965
776974680
566934522
801246114
465479957
302167440
1079471623
150446380
1855269296
1089876464
513249257
1210290962
349723185
346829341
938048563
201420806
258887048
395666551
1482757729
150761395
156879717
268541645
1327761176
462580891
2704885398
1246435856
1645293870
286984119
768499999
2417944351
2921765372
171902526
154299347
374904584
870337286
2739350897
247830895
196448032
87985227
1428497958
2638300059
1923097153
791393802
2582850121
252561578
2808026035
1141774850
2924412162
2844350421
1530493032
101087093
878334728
2919795609
720856606
2566226798
866641590
2914798455
2925300103
1649323130
2889029832
1969633069
890428772
2907748709
316218886
1337932230
914947064
1456997336
2555408700
248301053
214657132
316658573
478537286
162229051
2856746487
1052170962
2904099593
2893910393
1865143898
140533177
1634512417
140897741
174464801
281755331
2903606621
2903245917
1913070529
263544492
342290121
183396831
901657542
1641182599
527072914
222097776
626549702
322634908
167592330
157567125
587578141
285439573
152384474
1393354555
1676988354
45656646
2844051813
1740376046
105709904
2768191455
2891111170
383050763
1132508851
2786970773
2536251597
1606565156
2900017689
210151727
1319405893
134228250
229165352
2560944814
2497195369
585935554
2365857054
310672456
148669854
2735791456
177003131
243818423
2600687317
308874580
1433847206
552282226
620281129
635575972
811658232
2754133823
66229619
2898517181
593008520
114042155
1734201541
159565581
293304906
1638799146
716825158
193820991
293730702
1239372259
118516611
1661473010
537679219
176584866
2227411003
145132510
161872079
2896129761
477950599
792638210
2604391044
2357566769
2866111589
1063035048
2729814665
741878929
145804860
2897786745
2641945485
1938145423
1720970550
129999390
1025212386
2754035479
382304400
1963928892
2803926648
2730749156
54476848
2867980290
1969502370
1424388204
286333869
1541590898
1666296212
2807883800
2315807046
342950528
2594058637
1236046538
313129117
2336585949
468410322
131689283
940585004
965051522
2735223278
829651788
865471016
2805979857
2810447852
1315331791
2889434877
2737798084
2682524606
378374644
1635641605
575609773
201486091
574008306
2148276559
2734543863
2155001277
2585512575
601195259
2868966544
191270846
1120469754
1596428912
2293263685
2367535245
97150159
2446156568
483192268
581140813
495449062
158867398
378800086
2270064475
746600839
1421491988
95571174
293721710
2837747823
254595633
541783146
785953891
1473085735
2460337332
2491652592
536409777
2628717062
1219407164
1698045134
208594645
1110200660
287680421
1705268024
2312879422
312617218
1062899076
281149298
2501939236
2309023868
2819793311
2886948310
2757772198
1598861102
1395132715
489127381
2861195025
2304390034
870908744
313678867
172951405
462247952
1263439069
720581190
1246381879
2855901515
312971493
2847139543
591216181
948498242
418159164
2200637587
244204916
584419017
1978517582
244700673
864986851
604056520
963053696
195911280
2689926379
341704570
40488908
497499239
2761498210
2421227250
2727775984
2784654101
1573718214
217509946
615832661
905040638
2704970954
2798801487
146660238
2284500704
306830879
533623554
892423135
1473094698
1973269741
342198887
123660210
1400580596
173502222
780547777
203294351
2853850108
1512011581
426077211
2230601630
856428230
2752656432
2161229912
2174075308
343568253
174363099
91267688
2274745831
307100621
452627847
727211160
1250658656
2873011420
249320278
78156076
155945655
2407335104
1711324458
2764313385
1697289007
391116874
226302205
457129786
342953529
220831611
188738185
2159252151
2165716398
2257889272
2343998069
2550008054
762852600
2883450305
140065757
308022706
1529301926
143603650
2472036641
1677165433
2873184935
2326474009
700424630
2795026468
114776570
2421277957
1968234534
469337720
1871856109
2734424483
2885192729
1317347928
1366832466
989909772
105855196
301591138
1447303723
1176902287
2649518983
1410986131
2783920926
338713711
2712828493
606759288
1543693238
76993155
296562842
436096874
179693832
2789306911
1022931936
954650293
1589650670
970797518
2343517985
374561507
804936541
232948805
764933994
181319575
2565460528
1458576426
631135048
219098630
1636868682
226064319
472033664
1223707506
865549682
355935638
208174071
1092979002
2288601210
211953800
1599002754
2756881202
1965417918
411610216
180043415
1692412734
1621584906
2773522107
893624304
154622453
230519072
1554573536
2321246215
919898178
204059934
2567867497
399863505
2863763075
103913378
2778252555
2735039259
2599202053
298666218
1883844546
2812607914
171756809
231619073
1636532718
1626444451
226246594
624081557
708001074
2743605119
1959461161
491538065
1671214976
2379914444
2731762780
2721126579
158231919
2590085361
2552686373
846665563
2615473885
575755099
1482534979
2475754850
900289033
2535803234
1387717952
2433816575
491559648
254366160
2400228427
305188336
2374745376
143452756
1666729550
2538259759
537306014
476149277
97353801
466149188
1669053325
1249783076
2641125238
567787780
874157683
2358589232
1471082286
195493551
371981437
1422160268
1219754172
137417753
2864999523
2747301362
1177182894
2594247710
1636655066
255595463
198691943
2480153239
427690970
2510456753
809576185
2426891727
2600736860
129422055
2735266074
2878223974
2736293869
1905237050
424675792
1143367225
2369366035
180798754
473055113
339274248
2259345510
238240905
1027026986
2711918343
399008367
2861614979
2874622749
1955627298
2691416443
2844821400
2711077427
2823622750
2421367698
269616966
293265844
2824974108
1888507465
2458384244
2871384327
174592390
2709350515
213855965
2811037617
293247328
1203086132
2724622759
2746248703
1650394116
329454628
400442254
827658216
2713988050
2788316530
145312650
862350925
764613337
1321078916
2415355974
2868225167
2867878863
156365774
1601927666
2864895817
826567939
368588848
221938249
1635655111
2298298290
2731871590
2821891228
1040179009
2787524710
2742217376
1909811180
1315347636
714880056
2776602785
2863650773
2863602789
1737559536
2291121883
174109193
2763015846
967293529
776498125
960944604
1037931312
336182287
592049216
201391824
177014267
2183820040
2724816781
2746020609
748135950
1250235018
2165630842
2826802947
1386243295
485151534
2560362600
507813439
2701527566
565993559
132598601
2735749331
2250906651
1708670598
1939725302
2560557665
583974041
498010922
1483425630
2513634396
2728807251
2790091894
163255693
22211937
216951529
2781219028
265170953
397331326
2801016239
2579045699
2438251696
193783936
2582347195
158560837
2744598705
2583393985
2149790555
1676736565
1061103055
2790301809
2743087794
2831551142
527934849
2726834676
208538410
2386048753
223143742
1173428544
2830436906
292481901
2757277803
1675486231
903403670
372536443
874165316
2841995514
2482075561
1293065635
2826993408
2837260026
103957170
121471877
2736323559
280231852
128696960
2187696362
2681027190
2199986337
2853965788
148575313
2830788927
1571948978
1398467689
172712496
2860471352
591809515
2814805858
2221604968
257146057
319980016
209155583
2827059944
404174100
935383880
2603522100
2764500984
766544971
2841106737
716923760
1007928344
2355275322
2318641011
2175953389
2743236275
173343613
2173102796
408100723
2192741329
596742958
2168560045
307739903
260913652
2735593807
2856026722
2855396194
1671887017
2766050700
1663174009
444922566
2789560071
286319583
159006857
2189455011
2505828444
2835474376
2429289992
2546150763
2858854315
882497898
2844494533
2205280411
2782001728
410068189
2336087767
247813231
2577506545
2337708947
2385371211
853767828
2455862092
2814906979
704498362
2706052551
188909752
1891637593
237500683
588980358
2691199178
2806615571
836800147
1175277030
2831076595
231595211
1040448044
52296596
2261095717
1428268758
119425678
2847457330
1345553317
134589689
1323528374
1944908239
2746576672
606874068
2828801656
575901463
36926502
87569152
853782000
2850431172
2784182596
195562409
1173934296
970870710
2830277359
536976337
2509278535
376246159
295807579
198254279
1450010407
137035586
2226808206
2802754779
2830252325
2755334031
2347758076
180850703
2497598742
1018662133
138489712
154552863
130589814
1697738990
2482239644
177780043
2372591232
391128186
1548919776
276708829
152110600
182054720
344857469
422168586
445767956
2361731532
167884806
567866581
183434281
2518211968
1626600877
497243626
212056315
2443158830
259446641
171091899
1490570995
2810130384
228063470
2419856012
176096817
842548814
188058232
122156358
121507186
2202438901
227048455
2178869437
717486615
231266550
2231919288
289589127
2234980301
111469239
1535528132
1056859076
566110336
2783805983
1428627901
263783544
902557202
1337672966
502229572
1347455592
331926454
117291565
2827236992
310471861
2485962854
874593930
704135520
304755926
2783138916
2434374247
455905646
2767271673
588746270
843554754
1655482416
872819713
1467405164
1034480911
173606757
1621642766
181602457
2807698832
2478883532
145793444
2184932612
179494676
121669963
536705934
2806070620
1539828402
1089925032
311516113
1110127742
2749216312
2242427037
100360093
323557030
1861939819
555447079
2295412213
617509366
439836761
472667454
1950626485
148432907
2353488769
155268981
2298342607
2376372326
621330124
430194562
1283723664
134624022
222114861
2568399163
454152090
218739794
257319891
103961647
226736612
1637082410
2385964694
176512504
1621055850
2414813293
2456155244
188446678
820153046
2167684820
485037178
186729825
2865905748
472261522
415917702
157815878
151040116
115687041
411883592
1911831043
178836297
239669938
2865207968
2438508483
1354889298
286720818
2571423227
896478434
306485764
914641213
259458817
565967309
1624566452
1403046044
634689857
455343888
1880436889
1020965563
139774196
2210192847
363511493
812997536
1434545306
2266814116
1183011068
384592235
620379113
2329441326
249205167
260895910
218713780
1382938784
528882842
2380894980
2266901342
176647468
240700414
146739678
151989003
1342964935
301533290
933108313
85181929
124881211
2444563218
1222683294
1786484389
1535399348
120182434
1481082032
932231617
423876382
356268440
1496030575
379710861
1449378678
1938027174
378004039
1108971222
1177246664
1697750659
355655113
58861810
2231962790
223367099
2200605267
1120103784
268082337
813281096
2535842275
2511481182
2517655986
187984941
1660384418
486166870
1877543257
916328647
1120492501
105552746
442106298
513779348
177604702
2276397752
1411550563
580483959
2149723956
190053818
2362448520
1646985524
1191408344
2515939469
2224342131
969233894
297039623
2149545160
2513847540
1699285782
149637541
150866991
1926999200
288416214
403752300
148565349
964519548
1959510878
2311129396
2685356911
2835367288
2832823384
2832787889
2832776110
2832724168
1852250156
2499294511
1575277280
2688386448
1755141510
2538295141
1576292628
2782950299
2786130617
488044142
1214089021
2555208997
2214081798
538106684
2396465730
2785997175
971977320
2826189461
2783037683
2780806991
2806412614
894400442
1170151320
1177469358
2196627792
592362828
2733146940
2806195318
2682043977
2822748732
136520871
2652338538
1641046598
2773895794
2588482813
1879854090
146279399
875859090
479075990
1472892409
1307641741
2771868945
2674949324
2808439397
159261131
2806351324
2578731894
2753279150
2739115348
2667499837
746495514
1339594284
1692240294
1327585404
2601979513
574883044
2748950453
1617443455
2767635479
397638451
831925098
2800189205
718680678
2789909939
1512014340
183410893
1503496214
1292383784
2757730778
1916044183
2598462026
2318954907
1382738988
2701185691
2735635765
2806022493
2805918015
1608888709
1446497821
433124469
2771575459
2796394811
2756248519
1708044968
1419129296
1117672524
1590071888
888912444
2738826890
2237478321
1161194750
2818357009
792242070
1864842164
554825216
2266661522
187662213
2823200916
2722950620
1323300918
2806725905
2699577786
2348640822
1419527540
2528299579
2817829380
1465781396
2589661302
923740495
2793324400
146489829
2755471501
2778394288
1558557996
1075072878
1932496038
463098060
2808265174
2605862527
2766932478
2718097420
2805619547
131845155
420510910
276636013
2786931146
2681442271
2782811145
395376979
2828820049
2806667081
2750340431
2728367709
2570730160
2178137450
726811968
154341578
2806691387
304690016
307609292
2750290654
2533627500
1496340872
262909401
1969334642
602095060
2238328724
893532624
2610951396
2173095733
194277450
1697459713
2620349107
542867831
2677865992
1332357420
2355158744
422001522
261430915
1035538386
96422757
2742345366
1050637340
326353604
2281258044
1656417018
809976666
160046046
2588561557
987878772
2774452058
2708001097
1969695788
1092741648
216882464
2595467855
1730708077
2723346347
1864894850
2526608145
444301124
2553545664
1853051088
2194666025
1092218874
416339277
1857891841
706766486
627873451
1487187547
1912635092
2390453022
2465890434
634594633
875453203
597146835
2806397590
1571815147
2768186582
2683506318
1329313182
2157358176
1618335084
1886995418
860285198
2619554667
451898974
2786871781
571218942
836858227
254791890
2546974682
1466319228
2540489426
2411916139
2747498921
2544668453
2758413665
2235161765
1005677168
321528336
2235240422
1096535558
2544969576
2402332710
2678160943
1873538209
2590594332
2756937421
1606835557
865498284
942546163
2360069124
1549148888
970108278
947570468
1398115740
261281048
145327528
2465145155
163150396
82905452
2513904394
2246144790
2590605834
2799957423
529406366
127701168
2163713095
2779915091
2787017189
2786113060
2535608073
2779237750
2550638636
2310634309
2803723645
704057630
2769121761
155511429
1602271057
435513143
147058190
2766015333
2602592074
2796518149
1419498420
610452781
2792664229
2330663543
2760024291
2761170275
2780965808
159250598
2788913238
2783055354
2743013267
1886620280
2781426475
2777010266
2744796951
2727625760
173359948
92144198
342935206
464418072
2752156672
2754947282
2768789444
2457284323
1859358493
283325190
591763120
479075526
2212876639
184812104
108935006
2749245315
240901688
2722552917
70405247
2753485536
572392040
193003338
1016300546
2612406818
1925173586
623268542
1554182264
633306677
64328834
41303134
310340007
2380465209
2758556125
624140787
142451306
331518687
357927896
236549343
166246775
490043761
1195363315
30498976
347633853
2466607057
490601972
234621583
1887434347
2759190110
158508619
1225597645
217897629
7568412
768714668
140602188
1861309592
2576362157
2705404975
2594094235
2263204634
2738963445
2469766674
2461926463
118605169
2717178234
2748283816
2655474441
2289135641
2570170722
1476205334
2747434229
366617247
2713435084
2335517677
1289355379
212779864
937322713
2632560819
1564353822
378113142
2720382871
2742510618
315002750
2702545574
2725304029
2582787308
858076052
209213916
153117472
147294734
2443891745
1573088750
349175581
736193018
221961420
2729717156
2455585410
1706274493
480992715
2534487613
2264628649
985075632
1214063190
1329073286
2542106006
184790107
2227667833
1502161813
998443136
2151397730
170936110
275342624
133539489
326584420
977666911
2147946806
1472506687
2727569374
165498019
2737574600
232395290
2745103528
1574233758
2355416585
2338544702
2399279227
117563958
138937443
1226409686
542825626
2584703107
2654924946
251745890
306375607
203214150
591023824
1711402686
170827524
2743906744
261444773
2590346130
329725708
158183135
1438732632
238763014
2294730800
156838817
622125715
2461351535
2477629806
244259153
171081847
142823575
131564517
2320113793
146944512
455393957
244375581
118709304
387287733
444224289
2733189794
2743802373
2729934145
148118407
2228472065
2731194664
2612333804
217252351
1333278277
2743039635
1438618352
853786272
2743848299
2732396365
343679650
2402124494
2511527556
2743742380
2393945331
2652586754
2709330104
2466682010
2593617487
950681262
422264523
2732820930
2742032733
282114828
2528060076
2721204909
249833744
344371510
292087305
2323097786
1713728845
187186987
2451765270
305380930
2288971569
1619669772
2188251163
565098554
2533559054
1426377272
2374280743
1102765242
173192664
2733630163
2735781904
2734985342
227825535
2641584568
487910557
1870362385
2735617644
2562513300
1692165912
933656468
2342411311
434583739
2733032656
443899353
1631600070
2743892055
2553153598
2463919976
226683054
2735400332
2733020000
2723283494
2743079957
2718630206
499049770
2733127098
2733224900
792979502
2717468633
2736077448
2743196475
2493318686
1239856014
2584636339
1766133866
1717183962
1328416915
1730175728
1931561905
2724698893
226682996
1606440924
2643562994
2739687940
2743489865
2738076411
2670896256
1862084989
2658072295
2730498107
2742368254
764374201
2735659410
2663417804
2718138108
946338336
2735174946
1265929956
932173453
223609473
2706009670
1720169774
2743659791
1948430096
751655958
2743296556
2733363931
2740654317
2743613327
1115209819
2742195305
564715960
2687971265
1476296562
2742358875
2743924299
2735724499
347938351
2734792026
2743135870
562678668
2503221695
2540466540
1922200580
1700004494
2532154295
385146878
2450554940
2368264434
597935024
327593336
1461829051
237641603
2729842677
2446076156
2742984563
465269034
2729882530
2743713574
1056828048
1349832812
2709565518
2743436619
254351782
260388636
963089036
1286541848
2433567948
1014043268
572208933
77524174
323370827
264270996
120544474
827373625
162840313
297649534
1609564292
1286379180
111921073
1452822840
171617748
2277466419
983523804
366847949
338041976
1634485994
91897596
198305885
2459822035
353967280
702377042
145862525
389622518
161764614
394783333
174470688
1202324083
2185445669
1692617988
223478572
778793208
616464795
151727247
779205392
410843810
511369667
1694924960
188963934
952545060
123433342
1119868351
1554241250
334942531
1483396393
597989793
167828598
202641771
129999278
1340249180
84189189
611355263
52550133
488661251
225934885
492836774
139454033
1169455081
135322065
201510065
1727418637
2588589402
251319629
233449201
173314763
1031743836
434280733
169988003
2279636430
208197974
342463612
1374928513
1390821732
625268466
436119244
1410832220
375941802
1727330412
304127227
1405615938
850413794
270587645
201092282
115274142
578369737
1363170553
1177383900
308065165
155212208
501436320
770705492
617345880
231436819
263940540
614675341
1132445508
139143149
756538122
995262884
458825605
1315420448
2489053064
245585420
507950598
615831459
928670106
292015258
991892389
627942106
1489029896
2197615395
199120720
171767146
609552492
259549094
257470634
37182908
890168088
831632166
985838520
182918556
603208068
259842272
477153210
251498052
186644949
264729256
253356368
1844136698
1167520602
195925824
2415039691
796327722
1595533712
286828459
2550975968
170475514
1239331884
355253224
236588870
2515842456
1639022677
128196138
269483247
1323013686
558579218
2411183268
1195446020
2711032292
630908403
922961929
157752495
2545305335
279773618
1109735006
2509218080
123126870
2291954632
2707377829
706955556
74058205
2562225634
1575924912
215773759
487048986
98440805
1081514893
73233629
733026710
2655211380
195064082
705052948
2377509600
1869996990
103828607
1433344008
1586506597
383504321
2312959656
579485211
2728751765
150921176
771902582
1396196995
174153219
2692215311
183899013
2480069146
373100671
288366957
2211992740
181745648
2557542382
2239823809
2193490916
2694670124
2243441173
2305243729
181295232
1668820166
1120062140
191558495
618490309
2730178365
748138999
1154708220
892075508
867372505
208881283
267968874
1713211158
199075797
1328023286
363282333
2285717396
2491871797
2468673898
2521178592
1869812803
1319543551
703520394
442776757
1446792818
566722667
2341541947
989927586
390453293
252356487
145294621
2497418786
143477514
2728450006
473579650
147283757
2180631937
2313412919
2460386438
1312190090
487221430
131082267
417979520
1265179832
620306112
992271859
2496266244
2578594573
2578562378
239172187
2420541652
2578583713
2394872741
498449322
1489527618
2497250515
2282728687
84602167
1118363113
183444682
159257581
1466001960
1692731635
574145241
2313219177
131638617
2323405819
581179546
160085176
2508850970
1348080313
161639635
191060306
2409868334
2241278438
293015331
2330828743
2430832619
2366094690
635825606
1542961616
2316191790
93312325
1569048626
448547129
845944728
296918736
1708741502
2171537514
926689477
2276747480
2204128485
1643882546
187233919
155775732
194256972
823151886
307071556
131323158
820191894
107185013
2220492464
66846693
2353382474
179681532
944653069
351172467
1694696221
1245131149
2345734831
796478772
2342511276
2504963484
945074630
1441996610
2261810443
225245859
518653891
212323971
1563488640
2364225245
2671306928
2421459356
98547029
2448297098
161748980
1202062465
1428480354
137372695
2540164844
212446572
2368924976
1852261638
901650619
598505780
2486406209
146631853
2230814981
956364858
243909903
546513069
447729065
1104153846
367021533
150882808
394873634
369128172
1697220446
329509331
1075572307
188536279
913108826
739719637
2394036572
162110604
1095808165
2463715596
190492074
46988463
306800935
872352049
2413160474
1726651945
369799237
339308378
141302067
371764975
151869670
62430440
168763930
150508344
1693046738
1849425908
239257701
407887797
143701239
1255364790
199454664
199513690
146523212
1616772044
1606650056
2217588545
2168932985
2471524735
1140780588
1909226270
1700517211
2233363097
1266065780
377369959
2257634105
165895044
258504353
244788696
807174822
145285197
1697000959
2466232646
357720957
244854779
1941807542
143667450
1905768439
364605804
547328137
259711147
215765027
919287000
1555897999
543920554
2372311788
143557589
1029730082
1666467937
935154853
73744523
820082569
1608608893
1403329428
330693603
1066630045
380887235
2539546173
2261819389
445096833
912729920
153130432
378929472
226221116
2349456025
1392928064
2192664463
168847079
2551500723
2208386516
1539997542
321784140
169717408
488540525
2416067216
508244089
2488440967
602439192
497560096
426915361
467605574
170400718
1414426710
1057739382
627510732
126174880
302893359
223673081
1614341744
1031670163
98294513
183333587
297726701
87785648
318098937
624234797
2463265192
184479486
1281008509
1334711791
711489949
1539969865
72185007
479872472
2439281605
373645792
576696993
520364822
304791496
371939444
619123133
410333060
2481027991
362807455
150766766
169311970
2163545481
2724531951
1486488468
1380745904
2614363602
203742784
2444552292
145000605
1483983606
2342839777
473287114
2310587127
214114270
2577633982
2489071471
878334972
269532491
2490496435
994268004
2180609430
62404613
2465016718
197190714
204021994
2435826528
2467710083
2413046390
2472840047
2456397159
2376023137
316165298
237530969
2353182148
179701861
145463817
2351578025
238371480
136435654
423864604
567689633
211952176
336841685
2341719905
2388200936
388013001
1031542188
2198561852
1460099658
593719347
371874357
2342346847
377133158
1529909845
580296962
467291122
1916231834
157498645
37454345
2319874968
1199152856
1658808967
2157891457
1855732860
1646468575
1712257640
243818277
968906696
87777141
1377972198
2291693150
326096966
196200666
188195591
1426676576
2154215142
1448401338
2275554804
2275553604
2263453692
87341926
1662596250
1494394999
380608731
1720156380
121666523
34354482
2248208414
987106136
127013141
169748636
2242734024
1924632632
2236974595
162558269
159619143
1677260522
936013394
539327349
236896838
65137773
1465567555
242869212
1452957529
1544404663
228904449
444222242
1113485539
1236752874
300375945
1930759320
1286702204
1143420775
26514222
72390536
139394545
144311376
723118518
226363939
405543664
454370133
537381623
193979580
152410160
226277048
1465895022
376144124
1053780134
152680931
178526309
1571401130
613584515
97563336
632674140
393102642
1259593957
1732793275
1031310619
185613545
174764390
374660054
345783299
120565822
212662421
129982339
821776712
244326716
1545392450
288246345
158218362
1389661448
1551999577
475319906
254363521
1856953226
1353393174
635115700
1354808288
175895754
723415920
77674689
1935018138
160070801
1164783594
1566854252
167576351
145383914
321471097
116725421
633100784
365586356
248788547
131980024
140655068
165953143
124857324
129867766
755395212
167462996
170884736
1022649138
227431685
402868177
166021023
182948713
1360623534
145328513
237589362
302452226
317883557
774377336
844725733
87796874
909328856
407784527
200159828
174915758
159688322
294902667
1450531273
481737971
190091443
364881961
1018501934
83618409
1266050707
561242150
1322570354
1581649490
1463707610
775102603
150925103
766385017
783592693
1594380151
1713749544
102537869
588799114
220080523
38032803
506467065
626727977
175970680
547850673
192105435
733384034
116332699
151575385
41989603
1167564325
1355586878
1471467415
72423544
136794069
1569560070
159395100
2212713666
195849306
200257805
547346867
94090818
228478399
324626580
241417956
1909492597
155793988
103831839
126790672
92667740
1672138772
1839860586
73251608
937999224
210677786
1400943360
284385674
960567420
135524040
1363278769
322960468
633374182
138458388
484972137
2188775627
43764580
286180577
189227927
795022352
300478112
144959685
2197016089
818679709
159348487
2193294004
110773967
1470293911
117796803
485930381
1641447506
2171796437
1564145948
960896972
163726110
628093234
887228022
535886702
342448158
1624737582
91225519
1128966168
2182577813
2167067895
209877451
497167736
430725049
275211310
198385623
497960309
282288592
167103062
1561799347
399566473
2182586035
1360559971
2176911284
375164113
1422278058
1338108589
404544170
863785927
1581517884
1648938979
158393240
788386014
1630591530
1567034677
465853451
1653040880
624041123
200261594
920117971
1433574116
331747127
164892636
1434394620
178533603
136467443
1383251084
1686737858
264598790
75019518
535629575
1028922577
182205568
2164684392
813431846
75065044
1586786516
164831912
1660706076
142850069
502208362
292389802
224085980
1520549935
717768473
536948381
1305644275
143896431
448376312
384501459
309843614
159678148
898477062
1720892132
143659784
720075874
1925909538
1466187086
1426660122
1571984894
1659254012
150703599
1188267907
2153233584
282150957
1695005544
477353274
765928110
1325817530
587858370
497265495
1442129960
564049503
946857138
1932557114
144171084
150037491
389819073
292079099
172154878
1660560900
236122526
140434741
150806287
586007323
1978806068
520542691
1558349875
531957870
356470781
822362863
825592044
1976984119
131615832
380395165
2147790363
1889016523
375427410
330835178
1099994958
178457763
194293859
473683316
103885899
1025726184
1345434289
157794213
249998082
1071933804
92331801
709684015
174082685
1267909944
100285393
434685424
1114404824
268863757
779554994
1135501022
452458226
1520803356
565844764
1541199763
189143794
1965787273
317020817
504841725
1370813257
1371101479
197153564
169733678
719486880
1720822266
625026875
291802016
1648905085
591584352
1434487596
262432951
217606140
1324899920
126116790
735795596
634239380
48202385
1605995564
171517859
1408528112
844507094
119830144
224359943
189594239
1038941078
1663010268
1546785979
609255376
223647275
447731543
339890629
1243863151
194855399
370279384
484829457
439823825
801650359
226341853
69589875
808563889
1229625630
1702816981
1244028979
538677209
162270071
920127722
151164418
1581529910
1945645735
198747590
32129488
1648885578
1618610706
75647967
149731863
1252833265
1488695425
1024726567
1604861622
323375698
79895069
605822792
445758211
162916176
1350370441
475238050
1614204140
1289864737
1250097056
1594333428
135628209
1697131142
141384682
55306785
137375739
182613585
7662372
241902020
548717242
1315844982
379006482
1687261298
77461299
1081043882
1266959454
564106167
1388725656
180123479
147424000
140110060
163736424
618524632
987565196
1652843472
713358254
1573302847
1633088839
275789299
1551316722
86245806
179738569
1655398962
336919117
752568596
1535013264
1658653106
1193912118
1646871294
236906792
329929548
519420207
818196505
565470044
845511486
811352131
1641378920
1659959580
197249108
1663597351
166164956
481804298
1586373624
1583421284
223248077
326519740
834171446
1257804330
773896014
253631237
178844273
182929211
842600120
564107298
1057213952
1398652579
206099399
184641430
1552049318
192210547
128769562
239450741
43241843
831079279
264174302
1865418403
186619610
616952347
260553647
633447087
366968710
218973858
505027573
217958034
168235798
773955464
226511321
330627100
245152445
145502742
393438546
957479984
87765149
323348134
605649567
157483439
247368265
105900218
316664235
51659049
149361479
183605339
93995648
130893902
279609572
285395913
579941546
180004059
842787913
811292552
1707233833
159296158
78617626
42751060
92869510
243167946
444010916
926172192
1053460842
1353397975
860192797
1002331321
168172690
1484055721
955133202
260434140
87630543
404939180
316910072
226154054
342814251
69575495
175240839
132185698
330638868
189698737
161484065
141336511
166829567
351921459
618437541
325893623
216605584
153602806
546306209
158179763
196368827
606945001
43409202
270497808
586170263
317460155
200669734
152858927
86090293
590997171
547150985
463418261
363168824
299495291
168662078
158478788
194004314
280610078
144521490
321666038
163231405
