702550409529966593
807573779597721602
1651297272
2336634198
538595373
118110784
3318697901
42097354
797869356113915904
801083089208360960
76956266
4097596030
3025875111
40814136
355078890
1304005573
2155605396
3321679115
2667689318
2728164993
2388033235
789093322015051776
561409397
948509498
1448609832
788594756158943232
3317772689
772126730190483456
3998574810
783742271443312640
720958148580941824
725391975206260740
716797403920261121
4708240840
754978995117125632
800832198
770707782744047621
4071216675
558631386
749227252244774912
2319492055
2229464270
756623000347246592
758818396041379844
3339757030
1240345568
3234403522
752187266815197191
2971129853
138499672
177008972
2431063777
748508410547675136
2205428688
880747945
173348503
1322838480
4188040865
745396776908161026
742437061504815104
141170415
3303149392
735294579147055104
260015297
368989928
2260522487
96993609
441848757
4497881253
148151879
449007870
38596038
3675602716
720272991519514624
3152151619
143159147
82895071
729129086161960960
2765185501
3050684744
717484343933935621
243892673
2842572686
258405240
712834382801702912
724281107705933824
719196625726529537
823427648
4036765264
130169058
59514155
220380691
440988578
2440393836
306701417
173886028
101920584
706863097231839232
4911509541
702646256900939778
2158772880
135691977
297722439
100592931
4919383276
4878699347
2825508108
312854793
249831545
1578758197
811891495
1879390710
1320939955
1499382138
3000838216
122086578
123924790
1414159495
281856839
4809700522
3441381855
232580603
108501866
4588935256
4493185813
485233237
3252184925
554055552
2223537132
2849447631
3241163612
241918279
2196254039
3131048699
1405288831
168370132
175186704
392170183
3570274757
2888580227
2573702132
2850061126
1522626709
957635382
2424084314
4048546151
549555698
1171471309
114248507
1947784730
275252403
2374442881
129318534
2372389681
111700619
486058119
603322564
2814535506
1875947576
361907503
3118028164
298074025
408741462
296796802
537485190
327741879
2182672962
339075999
987807842
3642393375
188359247
101411757
88100184
2881695195
343016679
1728391519
729528271
2793006487
3428316743
343200260
141068475
3168918868
7647202
308025100
2151510324
527659562
2803676198
2230759753
87335263
47305686
128386525
3352325566
1732775504
2723355474
579293711
792135
92713062
2277174115
3135272632
636328644
150912207
3327119957
20793113
726630055
3349674076
145600904
3337662551
2704970047
809928992
621977950
3187430013
586652101
1619097288
259753870
2727008522
310512582
197869443
139017974
166513773
2714638368
228283948
397560793
2373806946
3088150672
2830067444
3070536519
2388308780
3075698206
59465566
2375688846
78054171
552705633
543157632
2610293370
236652333
2182779207
1546312896
122410719
1241987924
279203756
68021609
42418466
56214631
3030553893
2349297061
153760605
1123396812
1404118778
494672763
565940439
287973015
2475819650
2904385642
2891595059
147396334
903775633
2451923826
2382274543
151212865
167752272
2510772295
1294029902
2726290716
36435480
2823001981
2817200204
2805940356
174661911
190334648
2452967844
100311702
223845563
2526933287
134602649
556885499
1243686019
2701948699
2701223971
293294108
838378706
2150891012
317823480
1186960843
267634909
34828058
594197276
2390152669
138251420
230823803
461748758
78479725
544686070
461718786
532628749
2483058901
138200970
140443342
1965389438
1700139656
171535872
2217057014
1365314820
118657602
51308381
2356413259
1325514038
1231601784
2494266019
19260048
19169357
61382080
186528862
258154926
2444476669
2394134953
900158468
487041931
165447469
759917832
2308436006
2163880141
2181261697
1546541138
1849353062
314687897
420488412
1254197576
48762566
41639538
1542027024
328301285
1428717222
70290415
