2154354966
47033087
5525028874
1474934318
435401490
1322988945
4164347528
326647195
15953950
524103601
502856021
461518462
1667239307
724018910
1508278461
1281786203
1557500358
354241460
4923317691
553819902
4161234632
1477074600
4867825577
48778613
2093421791
3551370292
293830910
5614976057
5692467529
4942703518
1520512110
1935494206
1150025177
3022958709
1429322494
5642030571
5649962296
373872
2496448946
286496466
4729235088
173843971
2152740482
1192083570
3031853753
5655737105
4143321093
2241665756
5646325696
5654768979
5650000487
5651159905
5432972958
1460074874
567331993
4374445657
2327565690
372185205
1112161996
3031973086
236301987
5513994562
2023738701
1973236721
398033222
1911410904
2223440247
585166730
1929516452
3896387409
5427634856
3615169201
551139792
3001919699
222732645
830651466
2142604710
417521140
2944474731
588664116
1376562936
1448833001
1081720688
1620823291
1479485382
289786271
1505045914
1209148916
1419690524
4584766141
271999006
1301438394
273088080
4628227372
4168132781
5385828483
2162176494
1664188980
1172808130
1182733204
1190319869
1518550481
2027804146
283472177
1639444905
374024320
1452958104
1136313311
455017536
289347833
4146794796
603556031
1552734768
2028502354
4623222783
1159864285
2969715063
473573211
1750865617
2047841879
2104311441
1014802949
4474439602
4122270904
1596099275
1916337538
321499545
585090657
1431877128
1832428321
1954882795
466014578
234091294
850325274
4231973103
3936996727
296098342
339781757
620156675
551210787
1536537216
3263970895
2631265445
3056866585
2287575386
372242562
1291380224
1743553758
2065864142
2225055506
975924212
2330235382
2176603206
3100054571
754304602
1118941513
1468441940
1067554622
2142131746
4297584929
3320972413
1669809556
253769000
1429449479
956120205
1513063213
1644968275
2125822787
1572588868
3935774551
3981520356
3412019486
3959533861
4162250116
1396513434
707212816
1161479377
863653392
744288316
309232153
3309263396
2096779898
1539437178
432075817
3509939583
3067440866
268308077
201883779
1202271700
506715842
1047095156
1739786925
2284323824
253731904
3589071037
3916168120
1607819835
1154446815
1414092660
3961259063
3464189515
3188221856
2712727709
2211208037
579392728
420779545
36616750
2322062523
248835679
259220806
1928279256
1210332679
3677849287
4131854934
1434444793
2273067448
2190369082
1201495650
1590969085
3248159923
1723718620
1365480299
3572657126
3542911709
17508052
644277150
278681291
3097791550
1540690214
2176520995
641136304
3185080333
738824517
3015197610
4093001968
2289627573
3861215906
336995019
1586269464
2240626411
1736597265
1046475702
1750540551
3575994185
2210374760
3100623227
4023902856
1814634613
1519484718
2178695950
30825349
2308644207
1291111464
1244202979
2047531996
1699856275
482555809
1339704051
1364754352
1956885892
2032430970
1164896251
1962474890
2359474489
2179366191
1801266106
48842790
1965304316
2176536956
2355391187
175139021
1703003159
1463975594
2023445135
398277794
2176590468
2322430631
1622416257
400524273
1511153756
451573056
1508356631
1511778634
244589453
1546276389
1551392945
1563036477
205629045
834010425
1154655306
482495463
871421660
1384380092
1277802177
296609398
969360824
1067140367
443059405
1252558695
633021336
1252395930
565793611
1128356538
883270309
387746279
612030834
394457392
1334794336
512561448
