2154354966
47033087
1474934318
435401490
1322988945
4164347528
326647195
15953950
524103601
502856021
461518462
1667239307
724018910
1508278461
1281786203
1557500358
354241460
4923317691
553819902
4161234632
1477074600
48778613
2093421791
3551370292
293830910
5614976057
5692467529
4942703518
1520512110
1935494206
1150025177
1429322494
5642030571
5649962296
373872
2496448946
286496466
173843971
2152740482
1192083570
3031853753
5655737105
4143321093
2241665756
5646325696
5654768979
5650000487
5651159905
2327565690
1112161996
3031973086
5513994562
2023738701
1973236721
1911410904
585166730
3615169201
551139792
3001919699
222732645
830651466
417521140
2944474731
588664116
1376562936
1448833001
1081720688
1620823291
1479485382
289786271
1419690524
4584766141
271999006
1301438394
4628227372
2162176494
1518550481
2104311441
1916337538
321499545
585090657
1832428321
466014578
234091294
850325274
3936996727
296098342
372242562
3509939583
1047095156
1739786925
1607819835
2712727709
2211208037
2322062523
248835679
259220806
1928279256
1210332679
2273067448
2190369082
1201495650
3572657126
3542911709
3097791550
336995019
1586269464
1736597265
400524273
1511153756
451573056
1546276389
1563036477
1154655306
443059405
