273956340
392470411
807555383103549441
3035803937
4070202267
2568949883
706207078495473664
127628950
2693434363
804115289847672832
720878845
795473767
573240658
158374917
4614780693
344701938
171741075
800404422580764672
574623141
195836556
766437905296396289
314136584
3230992810
791088031616958464
738379627685683200
2482021004
332566526
3321572271
752549272382562305
3024541961
793146181979365382
15567385
1849630824
388388861
1183545486
155731216
2555930556
188601276
2505632732
2317832071
187011107
784209049613205504
357137924
219827673
4736824553
780924770267389952
776872374885048324
212039484
275350976
783391532556619776
194238393
782438291350093824
880891784
2649502492
701149693699555328
781537373184286720
252133371
2300411761
138266202
266700516
724883444
717044839519490051
889874498
60822608
382157577
411597784
760290604349808640
136443177
752590885800579072
752941626432028672
1450441736
1069460413
419224746
277313276
3393231340
1708829966
386302168
740140692777897984
769281053219577857
461155973
2896726679
705439385374871552
3331499074
2812307195
767136676263133184
1297154882
196469592
157019907
2879627811
294407125
1684310862
302935926
2824366236
179831876
2572871693
172138242
2949903665
2716199499
3394975072
278822513
767230915391217664
772606022523424768
747491570396577792
772469853705891841
2583128127
768287409796550656
771091918675640320
771089945121398784
770776316421570561
3118228617
363319271
761522072023687168
770348552803520513
4759615126
146952005
3379909283
763794294096400384
768789882370191360
148838555
820912502
2773796865
852204638
764483592961585152
4861937494
78169765
1520156834
146161799
128880506
781572224
265001059
3397816149
146462405
3072159801
78374145
589430067
1892638958
314957555
63590382
760595530317721600
762405823775666176
201431357
1350854928
211023633
239172759
746706816432742404
2640686015
3086832268
191478774
580500444
4520149037
485670765
126222607
3490805535
257716146
1123934102
703756264904499200
2377938797
2751648083
4547067561
567582064
180686130
245947594
2345153605
4882482819
1650142147
1641394543
2460899295
3305287103
3394520153
232284996
4854574605
762649822587412480
172506148
4643322982
244622701
4462991014
1624007023
1024760798
731295280188940288
3697013968
142800748
744155955491913732
737582555545767943
130233260
2494404294
3239471668
124337956
1869505988
211306759
2328502140
1353058436
1254585175
2885076894
753218364370251776
717106821631250433
714606712918032385
762667388378705920
244188642
762439922611396608
1037792761
759538718353088512
560592640
257993112
761546683188649985
277088392
111650808
735644954471628800
851548086
760803878023655424
750413774386032641
898164456
970856412
245448849
2444677304
724811145312374786
3806040442
758835776322887680
743552826148798464
759951675733995520
4868107312
134004347
752345738076708864
4367916612
3797366421
759103414915764224
379499639
251146676
137534691
177406664
705441274040549377
461709186
147687527
342487961
704890803680911360
2744996685
1102215264
616811905
737489901017563140
755965620475334657
3290147686
138252998
201869344
1884884701
754711023920226305
314588008
2747743981
804460141
360911657
752622416552140800
747759192778354688
4579944141
316456174
292657146
1656301034
169186218
750454440591757316
729717343602016256
766018244
216331358
3351480443
907368560
1613671231
64431066
3130778859
1413648450
204868297
301203330
750598113816092672
750771369051291648
3698614402
750408611084533762
2575758702
1529330064
387891976
3433295626
712403016
4875513771
748717942376980481
748559849047363584
4520022639
114183129
746694403348107267
747930079959851009
704387263053094912
2499211968
143584481
1976391883
4784436377
746402333861511173
2912257175
65728843
2728754439
1970002141
745273185071960064
581901644
4033480511
743766482279141376
3452117183
736255189783445504
3306616755
736020224819003392
3298501414
583550318
716805672390828032
1904331458
734826341158297600
702799050354126848
335029181
736371632143470592
712440039393927168
733009178013401088
535753526
4498740287
1697401248
730700974831091713
1638557078
1682009082
187019152
194110616
904321118
2613187431
2220634850
733273740805582849
737800353350045696
349898778
1646569604
729499460821200897
262220830
512492202
738408839146541056
734719989199056896
737699797075951616
3081664666
2932351979
737114244370604032
201126911
826036814
735871095820193792
3219460234
3426284885
212401810
1495574820
733789889242771456
733612646981849089
732655107830091777
4157074943
407855660
732871912146276352
169289737
732563055566000128
182451842
1489133442
731989162627346432
2550636426
2602289611
3656007083
253364197
262346678
3957165687
3321444497
68298063
155698993
3871994057
2995931517
708445696731521024
716359684177977346
4502382202
500747886
188716960
725575685146853376
1270495453
700773636613996544
711273913527959553
2253913820
3342183437
722748585268408321
4919529437
4877051895
484823745
722155788312186880
2516461260
717839687889592321
720007973150572544
170797101
4764839214
162770707
248379609
143226893
2282931782
705126999585628161
23361408
709196403302637568
703699479715823618
275239966
4010984896
2629208565
4260239716
4909557321
699048821553287169
3308565255
2195636848
3366176147
3303678504
88916552
715982119214956544
260230418
3293669368
2953339247
715194362079141888
187668037
3039461879
305992644
4428411383
984668282
2544978438
1295636522
766283910
3430983790
66519235
817954400
713496685394202624
700498107029655552
710306790433529857
473475334
135022827
711685973273403393
3905888779
2512476486
143306944
379979797
711004388471480321
2330225453
709146714637209601
155434166
2911718704
3375877931
3375821157
3025692520
4842320463
2366082404
148949981
548198404
3420480652
3471717497
709481866412228608
709109655893614593
278644907
1834468160
706635145181315072
1094259306
4727493982
708463232101572608
2511564185
350584434
2445243987
3416072675
3474729137
177970838
989294618
4800520581
262399198
3383911624
3110943444
4307857757
4297569076
2767653766
4847558729
705784109898006528
204755145
2705334953
2524283735
2605929054
4713796817
418681713
4537694062
157329368
2688943580
3765626061
2290950280
703099565260431360
703026453047283712
264540678
703276804577083392
870742333
4429535614
4292579475
1305504732
702307502726246400
136320623
167174248
808706028
701848112885841920
4878235131
168526495
2631402909
1548516152
3422458365
2337029683
134851500
4322873415
859395895
149665904
344258890
264506876
799231704
1199229739
148440891
256186484
3039877312
165567198
4492858096
2924487728
133075481
3386090261
4749659903
123704389
4919296732
224800751
3838533988
175890829
250203322
4905357269
4766218572
4890754721
2806204613
840955778
4892759337
303273151
1633270208
3644853033
1364949415
604734366
154724018
4877253155
332286652
42329282
4868986822
695412810218496001
73579074
2237453027
4771315276
1480447764
4198319283
144822138
2408035706
295071582
4867688517
4716791715
2882833487
2322775390
4560786082
3106553362
175588655
152831845
232389851
571266342
3236823735
4738723275
3031432171
4695917720
4454421975
3969390279
3112142711
144696199
148550931
3136938234
139562142
87240617
4825474857
4213942516
201562670
892181012
147319616
4153827814
167975310
153643774
2462303407
1409298294
4428256816
125796599
2448587074
4170671741
3254763599
4431764721
2750259719
4505371187
2789615625
3894509368
741788167
3332992841
4040044035
4851078365
3293495243
3998909595
232742687
1468530722
2574773445
4849659291
136995471
2150241184
4823007591
128452716
3152390788
4763457561
3613377855
3479281157
205509276
2521349837
2340759590
2472671640
208323290
2458756081
4389374842
811007186
4816876954
4408714997
931897843
3399365620
320412082
3355014573
4728776428
4602010959
155647647
3623031557
135619857
4497727102
3355589373
4606433536
326922460
186987063
2758651444
4136078297
129626679
1236281970
134280451
738844740
4420736475
1676755220
3022579804
1684306410
4825986557
4799398202
2906486579
4834099409
4834073787
4543578874
196610234
189618890
49376850
2734767604
4825895153
2218074031
4779799474
4745608533
3432139336
3301018834
4807374989
4819355805
2534565749
69111300
2425704349
551167978
2266436951
2283647489
2691684434
142285286
1562683394
4757398762
1232688109
4712616681
4450484673
2793535953
438588827
4720912937
4063954347
869045912
182804860
502243367
428231402
1523893374
2549717050
4464414333
4607087895
3504284422
4583794575
345160337
3039407818
4535096721
3369277485
484899805
1018235690
4281194776
951092077
2382835748
233011081
343354578
184563756
4017398363
4506678197
138526007
4484240379
1363507016
178176266
3031929636
211604957
739439154
4540758689
3192945023
205532762
599725341
485850200
2410569850
2790042136
62405028
258804449
4187984069
869030844
3436084455
124855590
521734772
2901764871
4464906460
3225523635
955786106
4408525455
289601295
2767833158
2616324084
738105644
4378118181
4407855633
393050510
3352717582
3217387019
167483538
325874907
4276521142
3435940041
3371573939
2434252013
4199035109
3407989144
860916900
330527949
227437807
2717325401
194299614
205832322
499026562
4041222449
4105946777
4116360623
2197089820
3091373267
3315627682
4091817076
4084159341
73166965
161141100
1895952686
3997844015
4062718397
2232798536
588635840
4016239938
1358092212
3835588533
4012635556
3359722905
4005769768
3424704424
2750996553
3602710937
157484995
3398917150
3906481285
1218999925
262099316
227480523
3428729806
3654035657
254679309
3015586707
3195127683
3933454827
3469312757
341761281
3301871153
3048546882
3865096877
2993842084
2821731549
125770504
946750292
3400139669
477388841
2411485351
281344802
2896518658
3404119521
3396261579
3835532062
3815940195
3784957360
287465730
72101941
552238006
1478728639
3741707909
792206904
231882328
3468656123
3319718468
227447966
2574626458
3359388111
419867377
3624532816
3593233167
3664780575
275963980
2882907873
3654691635
1553268246
3242835825
3409079944
3625534697
3411509883
3605100023
160784739
925471466
3582420442
2764193816
3290344337
3091448878
2410012364
221173573
3379648372
3576757215
3560807355
2372337491
236194742
182027746
141220367
1643213192
158713563
457055042
271004912
1287098540
281094628
162576573
584445976
190287183
333674979
163600578
165517951
562796531
3442293862
174060622
137720700
1567116308
250489736
2962580987
3409014135
3427012911
279114795
3394112399
2322340635
3051209521
177319096
3438514833
3394125915
3426781559
1262138016
259853347
128213311
89335814
3030792455
3437255404
3043808483
170383644
183714009
155960388
3324272614
3388316626
258973848
3304742145
263734528
1056855739
3420843183
150030902
163022907
1008706321
3413393602
2353974120
1155017768
2895787385
2275291125
3239775083
578640716
3141191853
770899669
239535483
3388599273
152076402
2719019367
249833965
3298430568
199513272
3354085757
2165032812
350893669
465852953
3381167343
3376024665
3388127974
1892371094
179115352
3337785880
2907133971
316755024
3316236339
3227055898
196836254
3300458337
134278007
1527585554
1494900168
3350772244
3376802344
2952093526
312387942
256039920
169671728
287464751
286178859
138978387
474476107
380592036
269538508
817981898
3371724119
1621171297
124868584
3371259315
1289451078
570482239
145712617
185309421
2713330269
330474007
186265267
2712789844
2242793074
291452749
3298710011
2480258785
3333473722
3355006912
143860884
927696793
3239222774
3002456541
2396702243
146095722
3342013384
3288901138
3198275807
483145190
3363626932
3025761736
3360780695
3291839710
205016216
3197969663
1069232874
1336966146
435658531
3351505031
85560720
3351001342
2573574818
599608910
3081249854
3348401993
3347033381
858301369
3333816273
2949501257
16102826
156110692
3308899205
271109226
3343972275
3022874723
2969497427
150055822
1423933140
3339553847
3337608021
411587342
591280581
362225577
322853770
839130373
1556443646
446723749
2278671487
259873427
865503578
3304171035
3253812453
3150182146
1391015612
489031814
3202904537
3300339677
1880794670
146240769
2895296453
206281196
204415297
628420079
3283802439
175208314
2409031869
2555039161
3300374811
2184187363
286190047
182459829
333617257
2178583547
592423164
3242692805
3249709863
3255255189
162102019
374128752
1360563901
3248821000
343803186
179822443
2461423675
3245072205
211775979
3243687244
3078668062
3132241618
574041715
1060982046
143123975
424406942
1636887512
276734773
97449271
2481214088
563020196
2947528233
3229788993
444835837
2652067745
3229379919
289285103
568871973
917952445
749236122
275054848
906155826
143576451
143065417
2924970476
3217851735
857345827
2966341749
1177446786
3078246939
334379681
3177573455
547361520
2373249662
629870291
3152605870
3192566578
155241618
3188048848
473526679
2967516712
2950309397
3126494383
3181202571
3180943971
761381022
188335374
495405001
426958020
3178168492
344256875
3172795581
2550447887
350272000
1575833642
141750853
2729896959
171619574
1478212370
3136252376
1270424251
1890989168
3110079903
3154796044
1093209524
2820879059
337794261
2864183048
169193926
396767288
2728109887
2965884785
269606946
141269934
2949073431
259959371
256688661
513490759
3137040023
1458803268
2415124872
299669265
201310092
622857407
452654487
3023769657
2522216974
2605289346
718622360
2907354904
1625654090
53588401
831523526
3081894924
2581183697
168778484
1727538450
153980879
1482630864
133928874
2610338856
3080100664
3026232747
436704569
3095805472
127040632
149965660
2801714793
2517752397
2937581685
1969862016
64743680
3010710210
279299131
147403634
138221301
296043017
2382763530
2428005744
164503854
353771590
115701389
242437417
3069903142
70785367
187682615
626442259
739407360
183849567
849206030
149234336
3083165806
236094206
147298453
733309416
964430582
143804647
66250524
2297488233
346380397
153488697
562103809
1251295236
3062642865
172887704
603166520
391174053
3074968186
166764902
3024421739
2858789627
2440738052
2955939472
226771252
3069928457
351128821
2334068798
2903029504
3051519656
3001322916
1613419111
30324202
2830123666
186425396
3030873021
1427922986
240961659
575316947
2779471965
549655807
2358339006
174084671
141017470
863262481
2209128286
216853792
3057329255
424464996
2766030963
3054589917
170517489
98743635
708402247
2981959709
2794750391
50835049
1112938728
1240318178
250780478
3036556865
1616420354
114895516
3011400755
411721352
774136579
1944218862
2592143002
2893291030
196644908
2924061639
2809433453
202954062
2957644318
197318201
2569471026
348717189
165571098
201373433
2725113342
202845995
2939087609
333730104
324995434
177525897
203155131
180974295
2204598454
566326978
1370728459
950128436
96757626
135342049
2360371214
1849538720
2329126122
195816699
2275296938
2559328029
226283013
1726804866
2598751750
2421757704
245580950
2980230077
202703039
1340237154
2942641006
2987786019
531929250
191219686
2967365098
146968385
1695067615
2544261395
2977545245
2919059253
170900128
485267330
1115409385
2934715139
186665105
176509884
64100071
516036181
2315617034
2970578787
2719871062
2574405023
2964329919
2960948235
482008800
196412363
2955295330
139518495
77853453
181648678
2770704717
2331249879
494579105
166640307
2440469430
344499072
196378834
200168850
2366065734
2938116831
176442340
1268329927
2933666572
1613512585
26526240
1646103607
2346989782
281767179
2937022065
2935454657
2934302129
2316169441
334418508
322314221
524662172
1691716927
196009840
779109444
2721040750
441433766
321991383
2324437184
1093105051
1476065384
131298806
31350734
1885164985
2263777160
307051609
1038247968
303302520
547101369
2827424711
2155827191
2450353435
1689663776
2250771371
2922566590
2481096776
2926341010
205577743
1030917187
498894221
2755138895
233695369
183733789
255284440
724583899
244950989
2500377772
1355321322
60407504
2916803297
168314572
2512360890
2175974260
285627130
2873766699
262246874
725350682
713555292
2447516124
846257108
2174658837
2566370855
186333885
183865454
351959186
2858718993
2878252792
2371416205
2428324044
399555671
961343328
2868315393
2753073383
2858889195
228714070
161087529
2310201322
246753480
2779743605
2797948769
2838975809
2874181951
815915779
188907364
2409226587
442429912
295336758
304761629
305947276
2865728869
2866116530
2718050395
2861889974
187360387
2823945303
2835380674
1360484778
2833318649
1074734616
1679270502
873619988
273168809
762801546
2823864779
860583062
1210213158
189606820
136409113
192330806
166120076
159328326
1937944135
2806646673
2808876497
311680925
2423775951
2761306671
2557727723
2358408836
2686107487
281293874
2746973913
201336312
2748522478
2738566323
2561116695
2791810469
2559661439
2727741362
397033776
144659837
1601497434
1471004275
213476923
2739039898
2796727894
466234177
2785683892
1587451825
2796747281
2796543641
347914782
424062316
2717251272
2728646836
2334350847
613016359
2789970646
144024708
145820969
811353254
2409290954
2828965326
2753315806
2608077611
168166226
2777883381
526613425
549367395
305179101
149212300
135521338
2468194826
1466929326
502532835
820011025
583423234
234117017
165207957
2332034329
434391770
236717540
2567030764
208757348
308683421
102305426
2764457924
2770251496
164818133
295425506
312955874
165614728
2733004974
2614753754
1205783640
2736571492
196804625
301483814
1240447800
355024527
1153543273
2760295973
250184595
1881687649
170221931
2730187223
1335472992
2557519169
584486739
2792430235
188894117
2792565876
409946858
409204447
2687109846
2743550385
2745383171
1861344680
2559072320
964430612
265540916
483053036
530053176
200168315
1395604669
2744314269
2727903912
2714433825
858831230
221036747
2753303630
37021853
902543924
2747034720
1939682635
2740473559
69451537
182922163
2695887052
143650846
2722034025
416804533
285857871
334676111
99021819
1705438958
1644077486
126139883
2716949633
2582530820
2737164923
2332215536
299791782
235673462
986821590
2607347823
183650983
266852131
2533942507
79536498
1705591255
145676659
416533937
46041474
2528782228
2686164894
258943381
2704946185
2383478727
1274050076
366814886
620509856
245091728
1289152934
73557533
1463561156
2696030714
2722710352
2691788424
1656227593
458669709
145870035
2462840361
2614427406
98056987
553829715
340627073
188195549
2720716391
2651672959
455715435
2614492104
173556019
2594909838
2637407130
2695772571
501332490
1739701273
154927590
2602387968
99553993
2649460334
772719912
308175474
1959481362
2367572186
2327936887
123981244
2700502257
286106409
2688688997
2638741734
193796081
546215188
838143703
216726020
2616532556
2635302179
303482384
905221429
159702493
2606472068
2271097960
111932495
1093858123
717247902
2606558846
2676806679
412516384
237913012
2602808724
102114415
565493041
196367143
2432921096
283337285
1963170278
637092120
170829749
298824945
2584668571
139813372
2540260777
2538244289
2355201913
2589532360
2369042229
195440934
1036110739
455130074
405237286
1661439589
2512654068
499306525
562943512
626838184
2510757884
140157095
1851839292
592033855
2599106909
2535547022
2595038196
2591867887
2382660768
1879507261
36395156
2591063859
1865545825
169690317
2588155274
2558184860
229318818
2467792109
146252361
2262978514
2251400611
1105237848
377135238
2443569973
135241296
2581029714
2580935431
197315329
2593457902
2621324242
191285847
249122133
2575249536
2208887701
178570862
2615159745
580074172
2569368774
1920734298
851779177
2604910427
2605218826
1645781515
1938253747
229189272
324169116
457020744
43244664
1576387843
2544056376
145685653
186635081
900100404
1247769216
1332263670
156410658
160060787
2155706850
2553427556
191297978
1315687567
1542600991
1247151547
266249091
1150095222
167605001
359026773
2545233169
2544890623
195519793
2541268693
146262946
2564404227
186262882
595797232
632922814
207234762
2440709071
2573177771
117288321
2481190212
2228905712
142105545
860424175
177724355
2475298041
632142148
611063918
2528896910
2240852439
2194968609
2524108224
2559833452
277233624
2530382316
157462986
320571927
2528764778
128667613
1643066779
1883874517
2349118301
88206570
146098106
399222549
2484787049
2554727649
865259660
2324742253
2525723936
376413770
186637534
160586254
2373144768
915499255
512507211
2493619466
2518480651
330477139
128353896
142438013
459454649
358453392
1563204030
50280853
848581765
2505323987
366158673
274729289
1772334300
117480955
143686925
1395935276
474516964
723074946
162900433
1216904646
165154160
148545464
2411746364
254372198
2442268649
2504181180
186288777
275044311
2417957202
198059911
226792808
340082079
2238728206
282769119
946560852
1573624178
2554401461
302190036
1396209367
942337387
2518375960
2555706310
2340758649
66683574
2554796709
318174217
2230715756
152428768
2505908899
623983394
1434280296
125191988
1132373078
419684664
157544551
1573324068
2547402148
2505461576
965359340
2421137433
629666353
2432602872
752286721
768296366
2246549251
103295111
1257073897
138842339
763557709
186792236
190110039
262274153
118162943
232674133
254414529
2512965483
200898386
1671418218
2352874084
363231072
1375860169
419962379
147580801
2542952771
2228288252
302830934
2520696880
2439438662
203162221
2359758556
2204209155
611670164
2449053199
591267778
328729147
2527235259
911629483
600658989
2469630390
423090329
386207903
479280887
169618289
2479088575
759425953
2371792758
2490305073
1546855111
2437684977
717069438
2528907543
2308876657
152325528
159820886
848193865
251755243
2521569791
360991498
2519206047
169055701
551076435
600310889
471168637
2411360791
153593616
282222446
146949600
195803189
184553682
2443635478
363508598
186558508
977011400
294748011
2417630059
1585034581
2520082815
262310223
2470123408
201048170
1720949701
206009518
721032475
1938931362
147243851
1217192017
2515870623
2468508193
158035948
2376629010
2466047796
594286686
158236239
814329312
1737842731
1686377125
1957464258
404166098
152074743
2400320599
711468324
862330297
303512161
1586447384
1713757975
360915178
302130267
129665323
1426745406
259245980
42698621
182977135
1270767295
161817410
424803872
381623658
2453785622
191656194
2413564714
896606047
867515678
2436057023
613023958
2446104486
2168742693
245160316
185181438
498569586
147215005
1107672403
2439138960
183286522
2164004765
2467258535
2387633726
310405351
2472784443
178825155
2463993323
1667940932
340740618
2434295611
846028165
2457661887
1896884174
153141672
2461285071
760207776
1163866316
50190357
448851375
737969306
130241373
1735431594
465773457
2391814857
2423200406
159960212
190712854
145007103
804574614
87066379
783186882
292453780
155763114
783297696
208637156
167176202
564641996
1932931460
2412814412
1686201744
2310267367
160407547
2436803831
142277675
1852750466
2357108126
191487018
2357211109
133944303
561688603
1666431594
567623754
396631648
2400253256
2401810922
322162126
2372445265
2400542900
302381102
211613122
2274078197
2398011631
1578826926
178461397
2396671526
2393280894
2392014774
796596331
893965652
407137246
1917953564
787304510
712876281
381267716
2408052213
355593383
2321314668
62406062
2357552825
1900819308
1688410950
1148828942
926667488
2305320650
287016723
2378889098
390974509
172222006
366745333
1542391855
416309034
2375587801
374904172
2205733052
1308601740
2361733366
102256196
387393443
496632416
928005150
236175682
2370068073
887932795
586774152
1852861398
2369261164
184855469
488496999
2360214372
2232604899
2352144722
262330558
1564414404
136343356
335082977
236245374
1528929908
1494571855
884404716
319338032
1297439989
238679167
2340473161
607682229
281739429
2347329021
894183985
182650192
2262663724
1634541126
176603643
193088233
592260254
2245776562
1171705135
201979723
256515654
1615324758
2330748897
2326378949
124085034
268999266
2203772287
1649374914
196397843
2325267329
460817935
130991985
305741211
97061079
2293653022
2321246564
2235241886
335897734
1358399503
1181034722
2303909934
2193261929
1436072353
994363994
1561799696
485072825
268613105
1599811740
117728993
1170185586
2303914603
1355599885
2284775962
334315932
2296526792
164106624
553970405
2185083829
2290601395
2263596719
624059826
2285424146
1468833740
187017092
235591144
259796013
2281332727
322286463
2274903120
1583222196
304140709
2259818475
1553138923
1193195696
405911091
2263715232
165271599
126344470
2258379302
391674378
1692583303
329264338
2255815178
538274327
2231951962
1586958786
185347131
233758031
127911612
2228601358
2199782514
414986587
705072383
1599123355
1140318798
2161997118
941798606
1532446831
508949675
2218536549
460508854
591204916
195571090
151151906
1328373150
2214932980
2236273092
1624674637
354442528
27370447
207145469
447665986
2233220648
1494311490
376831102
2197068969
188355748
2192198356
283615831
634248822
2190638296
986991871
185778183
367965399
1120860998
2199249570
1666154310
2228390100
2205566673
789690474
148271521
268312203
14443387
521904846
169557040
2199973821
419728474
148897529
447159385
449449685
2198662992
2202911681
1708659709
119217199
2216626236
1694984472
1365149660
349365936
1661445853
107170220
2152197106
432720709
1975825712
136300518
1328368141
167915250
795332485
792037164
1374194640
133075958
388596319
262017776
909101448
145478163
157535559
1439623236
2216135310
2194605774
371518171
161083471
233927670
150401090
432897096
2205398580
2198041651
2205024996
1587360420
2202178538
140936284
2176904999
1373718974
299869472
2172184443
346035550
817813172
479781616
272452986
2200017416
230787107
2198373781
307972287
192570627
2194962505
612158042
613528656
335312344
392324711
2188685701
1897901094
255277954
2185550215
1959505508
370863415
154324861
199432668
148936557
154604273
2161667868
928950937
2152691479
125513355
2164270367
2165736755
338650991
253720819
484932548
304700141
1853076938
602954557
1928407249
290902669
105252498
120180863
1969890530
147777184
1969044962
92277797
872651006
1944699462
145443110
336696847
383492760
707306620
100029515
616273957
708391462
827955308
707773937
141845807
196569907
1949905614
980772404
703996671
1406214096
137486888
78101267
311624189
1928281394
144954318
823199431
1936398836
700287418
1922550342
66558743
160380586
1546267238
1862483256
418617477
1362777470
1738287572
734239849
1723916436
1911640632
1689567859
1857332424
168897232
1708783081
1491345805
1569511297
172940129
1915363184
1398462626
261928618
1027194175
128432147
1341234234
144716691
612316749
1364534090
1736881670
188557370
1638380706
208651278
549476257
805312266
1908922813
128206338
1902945186
1636270920
1514136727
1702247898
1591166856
1370986669
1408558094
624364463
170834973
844362152
1839956486
1898561558
722572656
122435893
1713466394
87834400
1707244566
164965009
203804687
83918188
816004652
1622840178
610988241
442096197
194798013
162777079
309452935
351188969
255301253
62798646
502357194
141398786
62608098
226599875
140158439
189726174
402193858
1887253135
408872772
1723710356
1873326379
1727456826
491542554
104006576
1866456331
858959538
1105054062
293278450
1849935776
1855074114
259056781
1852500048
143175904
1472904608
288030186
1583768760
1835662819
329133682
1643748692
257185476
144349108
1591802917
970251456
572735955
891499020
163428277
193141823
1102250138
1548622608
1723725361
1696705938
181031720
323381980
1099615033
257732833
1714189674
1708412035
1705675314
1691156186
1690058551
230930570
1704963571
1475309546
302265778
1709575904
305246932
1520804455
816874303
508248326
1475072328
1702416038
703935301
1611607664
1703005826
261519509
183302648
1624773019
1699607816
585231717
1697831281
1697425249
173918987
1403287124
235425849
1478485748
1695120174
1695019777
150348077
1258378034
155589597
884211836
1101077606
267915081
1607636916
113175325
1684151161
114847408
162905839
1591606578
704480725
404298420
500151059
231293562
1027852178
292505103
42262343
43241347
143267157
1644287491
988038476
1669348508
191438389
1663533343
771930253
81895474
1609688640
1555616420
1607258048
253407832
355284636
622211067
1663601324
1593421177
608426956
1653460303
232683337
74814218
186299167
1496868404
178063550
1656607512
155281520
255348926
1537548534
1525444878
813156510
90026703
243901773
701558262
1631490954
257224301
212708840
154223507
1491599377
148468996
702315038
1633631413
1620755468
1304780234
150342930
228593929
1326078992
1618851877
1463511240
1619344110
1045247077
1604761759
1616182644
1615593098
286947686
573032238
1613696785
389028200
444973484
1278809479
1385004294
1068923419
376480722
387156390
1599101840
175816050
569629111
824077076
543667365
304092937
557363745
1592253206
926283235
1581518528
951812719
200869431
558637327
1483798663
184115781
273224124
1567138321
127572945
991554078
1304554394
227433827
304773741
148196961
1426273934
426184254
1549490755
1418821292
183440645
65687160
835928984
1365256784
1557233106
378187991
237845251
1385602158
160053228
301804881
1527465799
1547351570
276562298
306249329
403445808
200757099
1529432270
274698502
221133850
56209881
1532530621
524648076
222273916
409402196
850221589
1464433406
526144673
1517875748
1260712392
296856526
171762947
132592302
1521349776
1512287604
1512178507
1436813689
333091440
1240053547
117806832
168009559
1478555953
1505385752
1463265950
422228541
269503994
594939610
1436074562
1482700729
261250104
198319394
477425566
252686354
113388227
438846391
909248432
418170413
1337810514
1077660895
1439345784
785130254
184905229
154324112
317448720
973311612
860178278
201516468
157483889
1466540850
711342907
1463178264
1309123404
253753617
62484837
458838027
1461429156
146924018
1450478420
1459018028
1330396908
1015919851
227405061
1455753170
291355006
284074833
277726373
208696168
1448805816
218707955
173366186
87973761
121451126
516781996
374219580
189224509
71075407
152207259
907722211
545245407
1078594776
193153328
272763486
326881943
487845773
634812125
1419520442
338136127
180152389
219759249
634051273
160029743
223647448
170944177
546653598
1092892556
1017817698
296494798
208520583
1186752080
142738134
147430643
415246856
146443931
329409814
270543799
139825274
341793915
161590361
99421323
1148771545
151178812
1427600130
140436172
1210449654
1339861945
140069504
181259539
80191511
139811929
197237462
715315579
493613727
1019916842
1376037756
817318003
1424253750
291487033
1287066048
1417871646
164831413
127891570
149650302
1050482136
772008061
1292596914
148851828
930889526
1395620672
160750515
964901245
58513956
635020622
186288342
201059803
258814535
150886686
883481779
786258804
462631467
233783419
272242046
264568293
144302705
1401214460
163606651
1396194602
133986916
259469799
204051418
1408833500
279584126
1152477854
1184195826
961626121
1395785646
194326497
629493873
1338154740
352196016
1393783902
1395442099
779413740
498004001
273061459
105937669
1340469104
147010882
136124022
1386070820
469600265
387024297
1283827057
1383081722
54921416
291998145
1068576438
341525830
629519659
167910002
569572361
179975719
388505164
138878625
145674977
232584442
1004681911
1363218769
978727806
216797849
1360189675
246615677
712963922
165963870
196423587
1126408873
1347906205
375838395
132729572
298209353
161456405
578757300
150358442
1335543973
1338119047
1332168949
130948068
78769598
61483658
174384370
127920614
135150221
202690331
1041235934
1321150284
155401029
246564106
462397108
1316620957
76133133
159930677
629870040
1309264140
281253707
972935840
1304967890
1037600329
103333423
275746967
51370473
1270070797
1279901430
344068596
1268426334
161773968
206353406
260477007
1275177013
1265489436
194389380
554737901
309418285
381248242
285884257
192419986
98985629
487976230
227848503
941415942
197210327
355710289
764341327
152817511
1252616870
604089595
159659928
1238825090
185858094
257167413
1218140940
552795264
149326915
392885268
1080216319
104705239
1230529910
1228945362
232020018
121747468
1179915073
181952579
79652822
521782802
181284879
1083825810
228958493
937904546
167101325
150373783
190354007
563279599
190367762
132768377
25088588
274540430
63498294
99160933
304526461
209723341
389168752
591206662
427799052
825242113
327509664
1195075771
177043988
152383542
783520962
350557772
163120709
982607257
296753119
162114778
1180465357
1152035162
305121252
172744522
218968245
1155695358
367912453
1131658069
428435999
1167470743
384014511
190275361
287929729
503449656
185279633
1154739836
1148662135
43468601
533419609
226704493
160564475
182442987
155738136
1147051596
171644625
255808501
137026037
220067665
180033922
394221217
1141112545
1140248126
894394860
126151893
540371646
241341378
914873594
840582618
921943262
133907062
175883435
842402820
172821539
771448446
164435208
256739523
1123485703
1120048166
1113276277
317276806
405243465
118902621
311271011
1112835289
1112732532
173227120
1061168892
1075503949
23345271
281202266
349411385
34189359
254383981
1017796694
313475441
1077209078
181259005
242886640
811997347
186214142
157430996
372015868
29868250
214714166
1089828516
301644766
189235321
1067193439
1080771175
309191491
1078944595
1078334713
848540630
762113190
165093726
845994122
458869308
1072068918
253343470
1060990524
1068770671
1069103684
823724216
220603485
444625927
938079692
457699395
351198230
34804254
1046276162
159231149
279129583
1050229488
1048334366
1003109364
553619272
1039794936
379517043
700067383
208793398
165879765
916986020
636273582
226363149
180481295
242289252
427530817
411677521
634738351
1022728501
120672041
172829693
887392778
170940814
207846667
824535566
273162434
314357635
471965601
378351222
185310345
118869395
616707717
718488102
276775694
78744206
145596889
170140737
185404603
182125755
960807511
1007662586
536748592
178567668
1004618358
1004950962
783531528
175569069
963252415
868506438
996330894
958114130
128109824
993458844
387771274
186602086
966156499
160636875
578772240
868248198
981680262
184835240
987860906
637456977
389147350
343386700
817626493
177201909
983730745
289666344
946940000
783424602
387349629
403719051
151630761
974035578
184664640
958347258
889203944
305389749
972709446
870844868
120553448
412386978
954420553
963556422
494655834
312834783
174855327
960406105
512539230
245117647
178428831
241299216
955962432
186638482
513649902
164558784
949788110
156702389
102277865
949469581
240491778
377547548
528427520
839053196
910502953
83891277
320004001
880979666
259872757
163271661
550364511
244802767
936864026
598859804
300949588
283165741
919245306
845749524
147720663
748070090
912609246
308161255
89755265
895422476
315694073
157074784
794190842
542125798
189981130
188179138
887401063
226733962
718976300
805192010
705299948
743573911
335513879
174426830
514251973
553958351
168740012
75473496
844318304
258652429
308568946
184040746
189573266
138182388
304580631
862395974
328783981
859576951
616171450
139190109
861740137
453383680
255280710
163888431
268519017
849526452
269751869
573223777
144921329
121965081
190094752
810888936
827905771
783510434
859614872
859172797
823170307
54367344
168221255
825582031
423602464
838355047
837089401
820235552
623021537
162524053
465653457
796843404
831968898
734906574
822564367
823774860
178874897
628139460
231166561
815913468
812615905
815164951
803625037
781499863
368326903
314081846
804666258
181675801
807221149
186816374
735303301
802979088
200288371
779321988
472210556
372498627
792913045
414572602
792195836
273255644
369287216
496571033
377163420
335416705
782890650
707403510
207939048
779028283
705813600
771964232
590510375
772496659
568470247
371266858
210615680
769831201
766849200
176575647
207392096
521985931
733590978
758089832
734017250
755981994
497937746
219743501
117488531
191210721
124910432
565668204
734063186
136530646
190746940
745362726
369234831
743516034
739618602
738796621
431644037
626021560
733828837
734061259
275048966
582449067
722214853
720911022
713684472
709353618
254358530
59632100
631530175
363744567
367918978
238383957
205350282
226283130
634937720
633926605
362105056
631362618
142806808
629464742
619705743
576659403
264357977
569564561
601442492
145096342
625228038
153865352
536420243
206707527
623357147
139835200
621521856
620537626
86869042
620374171
337263989
258772783
613587686
549308776
616437386
172111465
614675271
593810328
158536151
543949199
235680639
369798990
613088925
386134158
189264317
567663605
282562082
552237296
304134591
596003226
164470511
278115132
572138197
476966271
142163815
230947834
127130485
604608654
271260091
475106367
139751222
188176672
564960466
339867055
430785407
155246414
501981238
185355848
599588607
436512447
585792191
187600591
80065566
487133179
597858025
138975602
219705449
225970667
593202066
423582112
257479767
593396792
518515055
457092572
233771549
592379960
592323696
354524287
590264631
572241465
581338230
38268446
575701070
589937845
441362395
397706858
587796051
192602138
590130345
552824003
588506148
176450913
585139222
446597896
433645349
208766860
475319510
110476685
228488224
184574181
87247552
576624455
306365493
332974929
428360386
565872688
537564928
574655389
37134220
586272283
141861505
439742430
567679085
472249317
556237542
473589705
447981078
146551982
391497738
552231984
460282886
423438502
571731346
335618901
552369273
521954111
273234839
309647494
274644986
541291275
98911762
580072372
584011943
136534876
159564187
279648323
537517419
199395791
142732209
55931980
379258861
118449970
306287013
543612866
573838613
305848207
581009703
541095056
128647343
574964012
131695553
160688713
51667387
151046585
456945262
580054259
81963918
561291592
187278748
324664935
334349657
162470413
415001955
400127214
306943927
305988997
492571450
161828449
238773378
326403840
121762998
480581985
203287863
255659949
432668664
300647595
440944056
145851186
323354365
482009024
578617004
534842190
196385101
330524586
145705640
158192975
177802042
194221355
575240141
461268958
445064926
566852129
578398420
163301753
252090426
246040972
396906470
175417338
578384172
569521512
561431758
566552332
575539544
578217113
570350930
209681263
492660087
173360852
565665024
148884893
553914742
577149947
172459033
178030963
273614823
577362028
286364700
479848068
463125801
347533276
421536138
303938650
569226983
150778248
340743816
497089694
570849797
461700397
563851618
140196484
160060981
358405724
383806446
314929008
192273663
562928386
548865069
250838555
389193400
514941341
174919120
267868042
482214729
319692373
187608963
456912536
146438752
498539641
138522860
54005615
531473664
577534365
208596234
526782930
452221227
197573225
358218571
66064331
74591493
103183924
570177599
438631980
574006713
306598818
470460622
143983639
324680550
577293781
163996191
574505352
234486683
299620322
577306443
105842433
254532189
479058613
219505501
216146597
165581220
199061704
475350731
541181388
150957039
554559925
299904392
456726724
382832385
210182587
302779756
139880363
505916692
339808889
66748424
564989093
186565374
566805433
154298483
562562295
567769818
166805231
468772947
574685599
426182504
230888740
188439438
494370351
233410881
189593055
128655842
571343360
324446061
573766621
562382904
266911791
545977223
576628037
485312652
441012530
172395157
225075728
257986692
524801328
255126565
180940222
269952098
573948228
563744227
309646070
477900636
188864172
151159416
376422610
567403961
387863891
545484262
431001521
149639636
227979921
189181870
243889126
534860341
343476009
356531053
565387133
256389187
333569972
158754446
184566644
446276553
548706543
126103882
312338485
395711831
313002519
130990526
339749552
462154033
344817170
268372550
572244976
561571514
572614706
404470499
128589668
186985991
535569217
169746419
152380012
316692938
125789275
438883037
420536989
575669202
543892012
228944094
161785366
194359694
486605047
189987078
172032530
449179323
413369328
475145241
128241816
380724045
575782717
365728404
475106977
334435973
480828240
574169644
562963824
477361961
576405975
444131176
540940273
426898204
567742270
74307732
194325925
137446435
425249011
171908803
184747376
471415206
342988778
182152952
575571622
518031443
187227715
125756166
180570279
73770377
118431564
337404947
111723377
254757312
157117080
62905674
153919285
336596012
400975752
173315069
575760857
234575204
576268890
324562867
167625973
573677046
574085647
236102055
448024838
557975852
502415513
525438251
258493238
149501701
574570868
332609800
184238532
189309763
445728837
523733471
119429375
196382367
199537208
136094147
537805392
236265157
293863032
433618420
77040312
567494221
566832461
140582375
358221436
203603577
457803037
429573306
575552886
161821393
346270155
129814252
567305686
345924928
565144206
575623734
252280232
569883046
574042719
573900666
561723771
565667212
568585570
149341777
155385780
361956383
191900154
567404860
535633745
133033826
509535352
271184914
379551888
542083819
549655690
562152851
142072003
146486990
326177247
552852227
523649902
118172200
140256087
557242562
229200713
555536119
366307110
280608573
554094332
119888514
553725716
316438733
552884015
552065622
551905829
548550868
551452115
524055284
466793400
48631574
424370575
340264584
464342648
546837224
548614539
304146611
547297077
518056042
547119584
186857155
546807011
544858191
546413806
60206840
338074116
543168142
542174230
531843111
542162876
153531192
96821212
344274953
509388793
397511262
487880083
539448801
525790523
536696225
487936310
528167386
536822656
527938034
535849575
535791093
164324266
161951601
534930588
534880563
534753270
532589647
260260846
523707403
532106597
129653253
461605073
529974216
527928340
416760733
528610173
297614917
528085492
336314627
170801957
157549762
430975762
467022065
98319495
405222818
514938552
523324507
522621111
522515857
150115723
521778645
394984393
520557484
150034867
517732758
165276626
507448032
127041539
507940725
515782016
425916017
514466200
332943084
513850003
512513625
511898573
163691875
257235435
509049663
140863269
158149613
217676975
465919390
506463627
506417031
102034334
471710215
502459987
503992849
180593745
446440227
497942564
501063302
500798585
239833008
253623680
499467479
499209757
499094160
266142370
479629016
498413684
498292973
498081348
496548611
467022426
254322536
497231401
497220872
245966134
215806565
362744921
332908381
254258339
481350527
496567477
294866245
496437779
474359418
178023360
496118509
484871763
258497260
169323865
495599102
495348823
484992418
226750626
403854927
164020185
290655704
494559955
494306852
491775758
212478801
493714197
257959483
474581467
492393690
492701774
285936286
488766319
236140234
480652064
219546898
184061172
457376287
458683051
168823922
295144885
184516069
276184905
163939397
459498054
115829399
480896006
318248502
235822104
440982307
490588131
489049363
474973662
485939011
188050625
487976376
487693859
269584115
284657302
485377065
424451832
376342190
486842395
92131163
462965911
459516821
486181427
485209258
485838441
151088778
150436707
319362124
485062305
334859888
390150808
484578104
484499275
474510320
484292380
371966692
478211487
483047023
482526759
151266435
481464037
457007886
276568061
481250981
481159412
151303993
465227843
472188947
479149087
338815026
190062021
209293623
344221700
479070086
478895774
479202829
476982805
430409136
478761572
476197522
386856019
158481350
476119886
475415492
247393531
359677733
408509674
330100584
436982893
448200914
473248984
468871746
190434439
469275075
471942766
471709882
470336193
469954348
391026580
468444869
467903934
467586109
139383283
333186102
172130079
131257604
421418416
466295318
465863164
448927910
465879813
465856199
167460560
156848272
355181943
189664784
462310133
464265685
464285866
173910944
292609973
463093456
453355328
461676701
428332230
270982269
142727886
459652436
165142865
460651340
354069099
292086053
233318563
457692615
428686733
233657218
454970419
425532855
294332599
455126804
453388377
177414524
409564085
452563357
451825332
366568656
449797788
449422629
448686709
441705314
86763663
446534155
441148514
444202990
150229080
217799919
441101508
385039405
35763922
189595763
439565909
265623459
157407491
438861844
436292978
142712801
437064636
180057104
165279955
436324909
435512225
370953900
339250867
409465797
268461095
431649165
305561285
170815187
161040378
425083658
305890275
255701163
308230462
165285356
147775612
240725059
417368915
415508557
416582309
94144697
416078365
408745736
403723500
68252023
187294049
412724858
263901651
165940662
81641972
163157598
398940924
318636942
354110544
401409055
213890388
403743627
402359454
401567656
186945673
342772659
401059040
401059461
401035238
160061666
126253978
400193859
365076285
143648671
398150345
399552124
380985877
145003350
219683558
396415931
156456101
377514054
200343902
260962479
394834832
394704746
348495368
193882585
260043233
204492319
391542250
366070978
240327950
392915016
319200703
392354307
164855900
158860306
109357350
392367511
62410449
348108851
318165671
390013315
390345220
379009161
199518966
389477929
389127790
389046697
387951346
387754948
367920433
234029617
387306258
387287558
250768695
386856021
386189917
381337652
346591303
385692939
223515328
166177186
226181299
153135072
117143594
147339961
372614668
382535006
344487282
221860444
383952149
331130802
333790173
383551359
141001450
315016575
161517038
383479787
279827749
291793087
365577345
364997003
379781820
313604100
381066851
380029016
344278815
349472523
151551357
184250542
267286315
173638107
370138228
101325989
137197690
147805743
374873505
261836474
238696125
133934357
188313180
380898119
102069251
380443185
379505303
235362694
309778647
378397755
359182796
378828934
379784245
134453181
332047944
363885421
355259745
379463847
130577591
376308624
144703831
331810105
290602071
209697141
377818709
377773615
368653379
140880546
307955699
369870030
377431142
304793821
377153076
377014454
373696376
301021881
183382300
235693183
371542306
375983839
251812053
376454244
307439360
358468492
291394804
319323376
128229279
366269679
123983268
128292151
338047089
260354687
80063399
371350995
149165059
374614330
166394304
80865606
254058505
370991743
375261525
375242033
120495941
365202882
146928167
123047951
374298140
221492891
145433407
319044855
240473478
367025545
373665024
138484991
360923605
43484326
159732231
372036080
333621049
184842170
338649374
371554795
160034229
138714412
222635775
185401346
368695832
213811745
323816636
126370529
156175619
170389732
364403851
369172818
372015355
308234234
157847341
182289928
365983094
365543185
345667750
371417966
326612123
370959695
370955770
360642851
369850641
208184135
89076074
369807421
369928999
301828555
263236372
150496763
159681348
356380385
363998596
368434008
221231681
367940060
367874088
255704645
176925980
366920452
366515702
160610106
156579676
366176013
365628990
365883783
365857877
166488710
289433069
365760702
365485633
237305991
170872149
167854942
364421860
363790423
62551067
280459939
351610948
118375931
283643482
182884093
358585837
329334232
190375760
337750605
362744654
362734748
362720434
312973680
362039223
124265405
333467222
249082250
357795856
308872830
359162592
361554908
202456382
274224890
206468862
314750252
134798955
321743418
348215861
151933289
160323962
360702603
336576226
209793436
353962249
338538398
274093466
135345273
356601348
179169506
343189921
291926485
185331143
359790846
140934961
98003409
359046593
219390190
353236008
257690957
333144307
156432720
175845640
232484460
357761168
357655862
357611467
348037432
193557933
128126026
331237443
161501821
285325740
163579723
226732015
341592242
356781742
135925603
351199714
144544326
356497685
186880096
354683553
275872103
141798366
256817935
344680962
151996277
355787926
326262299
332620101
154936796
354553931
166305730
354620987
307161237
143629086
328140912
174379395
283074715
354462573
288801052
161120421
169629322
176641966
247403768
256203795
252804122
101396847
139817200
128572375
172392822
251942063
345073612
249283407
131008862
79850397
353167318
316590905
342811534
216152906
255825699
310564202
137929594
205331758
136841551
64468823
172952653
348866881
40075600
351742368
176036929
351870971
181790030
147055117
90315406
350519242
177395821
350232678
145438597
349830946
186948077
349419508
349357756
161353888
138120443
336779893
325088593
319845655
277514931
194997617
349090538
183431146
197500159
348737130
140639408
337200377
146137541
254630096
315609901
92191895
184915125
291624116
137180085
62626524
344342567
162136995
157203258
335426246
76377037
268038174
93548900
149920506
169099954
264503363
345670760
188179076
345101393
191255137
91341873
150374046
145842016
345035064
344858289
344399453
309250445
342461003
167137124
343522955
242542866
181371601
341875760
328689684
342832320
298124415
333454162
183186360
244322279
241669461
336177411
321108810
341142427
44406204
141639580
318050148
184497391
244088154
339811274
339441351
64505679
88978962
220121199
337349025
190064391
338169415
163378716
209138976
337239272
318162936
336189625
333496176
153594769
336124961
335654642
335051247
228121697
334618517
334746058
334370872
308573177
142101295
334735896
334301392
334296363
334205747
263658429
324457664
333607487
332276764
330489884
333006429
331653878
179273078
329801766
204826574
262776243
219304277
145435976
331206355
302603818
330690033
307313459
330095627
323603736
207145826
286034668
207341757
322895819
329365421
116021986
328847363
146634998
291283527
278012189
327238291
172231793
299193227
137835919
155670939
294397965
327719849
328073021
167921921
305746377
326987663
327671647
283262231
327429059
147681610
226014289
326925134
326926567
254825357
179392948
226296303
256351851
214190790
321048996
326415131
325963039
163453731
325008942
122750687
138505856
154155229
325197415
325148751
324576400
159471332
170866195
197928869
144303720
323572914
323533992
206717277
322772538
158557611
314703836
323068901
322931457
202025969
322749457
293734552
319115823
171367203
321519041
321551617
148331578
305732936
319237086
180954630
125971872
150053483
305169791
272074936
319806835
265188338
321148310
139788936
321130293
273719595
318707115
316776746
317536704
272649952
320794444
309775538
319228218
178028882
244163966
314472621
304784393
320413050
320389920
319303993
319923038
319873821
319337463
319751076
304817864
302929215
74619750
318969391
291723177
135541248
53221219
318669926
318670302
318653361
138512350
318511033
307057950
202914451
317629068
293710757
317935976
304752485
317468210
317518432
265693641
317424003
317425769
282869181
317227985
317077401
316947803
271825039
316779418
314204607
254328364
186259146
138551710
312321259
202256648
302929291
315928505
156678017
315536934
315517768
315533837
303489322
313413555
166475939
170022757
314695690
311248633
312981969
312983623
132582076
237112767
145329849
314253237
314084449
182859455
313654401
313414046
309691738
313554164
159565284
313459133
154729549
123150607
277120557
150335671
312746061
196645687
184656021
138591858
147665425
168168609
312226687
309342526
172627338
311787022
311591663
311284251
154610412
311256162
311209765
301574697
311011929
310938882
285337078
310569636
69346170
105621537
132682128
226219326
303931994
151129857
308048417
309941274
309882336
124005907
309806828
305876855
288297861
303891719
309427621
98497746
309168298
304838730
179701774
308817194
297419034
112300786
308768858
308749260
121560938
306518270
258491182
308636635
275368841
308594610
308608847
260946497
308483206
260806688
147363980
196430071
188949528
186609576
256078316
307122234
308045463
284152331
227508453
308027038
249220366
139058622
307627406
184275460
293141914
223359661
307154497
170849065
302136160
306849213
38544102
228155038
191662202
255154785
306877713
302192885
280977703
223160545
306513392
111797055
144961813
163627468
306279754
306150359
305999643
232757696
305978887
134098657
305248397
305323724
142002484
269102194
196366747
305094568
186185063
199696303
305397769
302192518
260567313
288471150
162934271
305245968
192995357
146627399
155076624
305156325
305138777
146655445
263181143
301179276
257954620
134186352
69361229
278639914
304754160
268037136
219392959
304708955
304688474
137415037
266858710
151648516
274865834
304579596
260633163
148136289
304494126
303972601
285314782
170094054
292634329
163104574
164834405
165147908
171989402
303625621
203988586
303455462
190248030
162833607
160807033
184574541
302887789
91220970
302681216
302701683
282666079
301188831
17043472
165137101
80828536
87503011
284673160
302318357
297026258
164903996
128083350
286755880
205077324
132179857
232207971
160268638
259738961
195710867
254928002
172528569
297672325
276954421
290228704
172496554
145103251
72195162
149288988
107433379
207239105
293610680
146153166
212457747
213382812
277181268
174750059
153097392
159329926
80135890
165562350
284869585
198991962
150501751
300035281
209036616
158012093
51851402
290296670
180596250
296811345
188843721
180952200
273721671
218447308
187753052
280036087
282861014
157989851
297205908
294897193
143568909
201807029
298329638
292692611
298201440
245004701
248207847
292655528
243292273
133812170
193031891
298025234
295529256
127004548
297617057
297617742
297611797
130351379
110657313
297592462
297585847
296893452
286414047
296966283
194204585
145357629
296072237
295915501
293701028
295778023
140322116
238321603
295404635
92462081
160669568
257832555
111188716
293985885
258500286
274080935
113788532
293267236
115745437
289735424
113359562
160326294
147437662
291407553
254602303
286945861
291248469
131917599
247525749
115505564
184625047
140846559
289616583
118409692
211648897
51871851
250782013
277009328
287803053
240753914
278004882
266966211
287377455
281841808
287345569
286322457
286693689
285295153
286747183
286364606
96856720
283719246
223337681
178555004
197208550
166360262
139574203
107428731
88437472
163208173
171693618
278620963
217994887
241701156
282836065
265896135
190096132
178089768
207632412
282384054
282386627
128231528
111100801
139898207
224287928
277223542
132002992
279841090
279649207
185427042
279489571
257164211
244270021
278053356
127997761
239416694
170844760
276589905
275123239
229911644
128402722
143113291
267015027
271020730
271300194
271160855
129219981
197191806
146546462
270153784
234380378
269502090
267633973
159889246
255363354
268626040
264498683
43953377
264276405
243396643
254646717
150408597
265768632
265555513
148683303
260052096
262779315
264382994
263989071
201095305
262998470
206474727
95892495
74821511
85924309
121877982
122132528
262391867
127836555
236610118
202489145
260583744
263353631
263236901
262916534
261405071
262365886
262265213
156400229
192595259
196903069
231946932
183661160
172593028
259414939
260403293
260267631
155018374
226817972
223448864
258559107
259469971
259038228
128665052
90312883
179297243
257983581
215496761
257960879
235080580
257798779
252843959
190090111
180039942
173270848
257594707
257104738
257198168
147424018
252909090
256214751
256121655
236144829
255083805
223582841
196670300
252880968
255286635
165115075
254715459
254200087
248429734
254329342
253685300
247907402
253844861
214992976
252412562
252384220
226222942
251681497
123704304
250809224
173235976
250366714
249436584
246328617
246444834
152161229
242229392
245483079
245236506
173521688
232836862
244340049
243317668
242568006
192812909
242109449
242195318
240484131
242134790
227486020
127500741
211040163
172090451
117561237
240272308
238214761
239540676
189547548
88739901
155812526
239580686
70058031
239466942
128441841
18589928
208806246
180671958
181808834
217296420
192986546
186252685
163501138
235778232
236115435
232571116
232397913
227510299
234913881
226688627
234596974
148864083
234366456
234265789
234036914
173337769
173160442
112329071
42686422
233051475
233575958
233401052
149339973
153012227
233210752
225617963
114300615
232460913
232395511
232403309
191624388
228777733
231997780
231528193
172884911
206367995
231879675
230801714
183284363
231414790
160670103
231128083
230799240
165262670
169717280
230307638
190922993
229935413
229838814
229707391
229679392
229215904
229087245
139185866
227449002
228546180
228527808
228423882
228380672
226171591
227321021
222956196
173004222
227359125
159207279
111304603
227856122
227740184
227701816
227544180
168954183
208726885
227133096
227131044
227129063
227124687
227113720
226266417
189285260
197247558
226826008
226804137
226763550
170014762
225563419
158735916
226275866
226254674
226249513
125757223
226211196
226196150
226181386
147100294
213012888
225612966
225269627
214278722
187211463
225141179
222218313
223925498
188054200
224710644
198358031
224523349
224465746
224450139
224388559
112483965
192668221
155672716
196274066
192337939
131203618
129036274
213760764
188130244
153486162
212727048
102798554
165531728
223494607
223160596
222559912
222884935
150712738
222867985
222512310
222255763
222153978
186850992
221773102
78456859
156793849
221158398
155659986
199768731
179712430
199499129
219576048
67349701
220047306
212962649
219502231
219681707
219730163
201507057
219112426
214674568
189637350
219135026
218755095
200879419
120674403
217963312
128738396
151562128
136111433
197018952
217071375
77304991
216850361
154167435
216406545
155666028
146413363
207200939
146178152
183000749
216199206
167203527
186310992
208577272
214686256
197325948
210663034
176292641
151614215
216005290
172140711
195944297
215407804
215141082
182962863
104722293
197613904
215017386
206275265
214904093
157182532
160315805
214304368
171289390
213087352
204904671
212036571
212641411
210499759
144327817
211904624
209369549
213338121
143603181
153926816
212986458
213328943
200978808
199795885
149746329
172621391
212810902
203576138
212699340
129687712
205943272
189793238
189207888
200754260
194236183
139821072
212146461
154640749
75447704
209595725
70599959
186978828
106696889
195666617
119907157
127976023
127667234
95316474
170784982
206286712
209795724
200387698
211928743
139274974
187065241
211689645
135280944
177171943
166326447
211697028
210777462
120299889
211716236
211691687
148215529
211614605
192318134
159517987
154253798
205258306
210849631
161446003
145835839
128074192
69433470
211407245
125085987
211036860
210116841
182181895
205925852
140567508
165565044
149334587
211205015
186911427
211192367
210994006
184567922
150455929
201295966
210924111
188027536
165194284
190397037
146131148
122226633
200194931
210007887
210356103
210574092
201756391
210302758
210293588
208844057
193924364
210183929
210262408
210202563
156818402
210180173
175128900
203391220
189768428
203280719
144953547
147827705
209752857
112355636
137580945
191085728
152410344
163528203
209660841
53759508
155672588
209162895
186495782
74901864
192755010
151271427
112482150
196450667
123647401
204531328
129354950
190057965
121196067
146938493
178069691
186889743
208912060
208882254
208861496
201509649
161447608
208735052
205459041
208275701
208219477
207612879
164775537
145862805
207727271
206210606
202763530
207833639
206873792
206351988
186946526
158253334
159261366
146154725
201404597
125091106
190896361
207156312
203916555
196382128
104913032
194408068
170556446
166771914
185714491
197631839
205433222
206642980
194660590
191257101
205291907
206379881
138780479
198551880
191986425
202824228
173654895
190830784
205473962
205296318
205379085
205441932
195749852
205246378
180616955
125753345
201875374
204744273
204663723
202494604
180157042
55423851
204125802
204014321
200585361
203703523
203698516
166711953
203246540
203212144
191912004
132510045
190615250
202865824
202855253
202763776
160302404
202423022
169253235
202287148
172414928
201054068
196407476
200218029
125365799
201765458
201759011
197497025
201452050
201427557
201356305
201134653
152852179
126021363
201075195
201062032
199367667
201001848
200961198
200912810
146508684
200622185
200646385
200589838
200606251
172163076
39525218
73172857
199884387
200361407
200338881
148929614
200320459
200312842
200276368
196395421
193954829
199089783
200210108
195044212
200206387
75160941
198655760
185361418
177606536
187208930
155718104
200173226
199415279
200105241
162877749
122369473
199938151
196380462
191832456
199783365
199563616
155744328
199509975
175879055
179619602
199449642
199355912
169579853
199149655
140170950
171768942
196663167
169564906
195592999
194612494
165107873
193057222
150229780
144920733
198973332
198976906
196641556
196996259
193497243
196410465
187721058
146323437
191108039
198328226
178019798
176112377
197934881
190040009
198010562
195889443
196151290
197493566
197421568
192212391
197654008
197644190
197618989
197617443
187963655
196809831
197557928
143939109
136839251
197522847
197511839
197501421
111299781
197165097
165129515
197074594
196527112
122469492
135982230
197260128
196778156
168559588
170724780
194287903
197071657
193776035
196850886
196836539
196822478
163143082
196799583
196800562
196332422
138259743
163662235
196731935
196687237
138789882
196684562
164332710
155709859
194637552
196583214
196574672
196428549
158939190
196377061
196419251
196316488
189722237
122503159
196332400
161350319
151327339
104384447
193129714
196346001
196346469
171273235
191961830
145388253
195917541
195896230
195870899
195867444
149299720
182115786
195858435
195833718
137222424
136412321
195493513
154620095
195476916
195449382
195205818
194997690
105628517
181672636
195289137
195249314
195113219
195210937
190021570
165844472
195105835
195101254
195091597
195090476
194792302
194803725
134301082
146513370
194838611
135695742
153587568
194761895
194688115
194436882
192011070
183837685
194583499
194580606
194542582
193930347
182017374
148131462
194409886
170901405
194363301
194354638
194277949
111145562
160727524
131199875
182657358
180386607
193967823
191981984
193347879
186500122
141360275
193703822
193654899
166255722
193475872
146199873
193457722
121579053
187624921
192705023
192588849
193176450
192269313
192455554
79045970
150830089
41836942
193090372
122664752
112884345
193032895
150755961
188585325
67411997
188434244
192651374
192433912
186153134
192380150
192371131
192251441
192322680
192271949
99615406
117833012
192296883
127574276
192255130
192241191
192064004
192036375
191901155
157048777
141264766
191834753
158817516
191694450
119802821
169683609
145476889
191639054
167996489
191612616
151042043
172890975
191560954
186996006
165943672
191562981
191307826
185049010
191446138
191446826
138519001
113707458
190727461
191237438
183637844
135880404
175851699
191168345
80838349
191068124
191051251
190882968
190859262
190862779
190855311
190828834
190828728
175182871
189584920
190723674
190718604
177434937
167052464
181776076
186465969
190655504
190661830
190635745
165250713
190477985
189697712
190478351
186351319
190455965
169739883
190366863
190356879
190029941
150283083
190332835
173936984
190291444
190295523
188476729
126671875
170887929
190228661
190224705
190022546
190071749
190083279
190063673
188609968
124831578
189752309
190045165
190032116
190018985
189922773
189704412
190006350
187991069
149745310
155672689
186913449
187250742
189928221
189928038
189916629
189691092
189779614
189724284
140176256
127719762
189293173
189687003
189691062
189317397
189679433
143287004
189374639
157102993
189660424
188166482
109429915
161865118
184115528
189585960
146523437
175201056
158997860
160704320
189574927
188825396
189548307
101024594
186093365
37192599
145006539
189164162
189425664
165300224
188670259
189408891
187304087
189401630
182218124
79558201
189383104
178446019
189375175
189374030
188979349
189355522
186925262
189339796
189330165
189323439
186952432
188924036
163795957
171735440
188953842
189292627
189291274
153863097
189277350
188950143
188850930
189188523
189230009
189236925
189175709
188440228
110485303
189228865
189198730
162410003
158493967
189158885
189092851
189031050
138564201
183033211
188982271
188584342
174811538
172379882
188956423
188867900
170094452
188911324
188872135
188717144
188829079
40389774
188578030
188793288
188777943
188509612
136454060
188767877
188613351
138445268
188458852
188585802
73162217
188561826
186844717
187560932
179857916
188528279
187671635
151032890
8974082
187580811
188462482
121573579
150813292
144403703
187190445
188283522
186995792
187433638
133530600
188179075
62634831
188173038
188173144
168023971
183366948
136102746
188100397
187105905
151585537
89907237
187337299
140959118
186615150
180024298
187190950
146653529
163604256
187715220
114542772
187733505
188005044
155067897
187313739
187966796
159620272
187009041
177381897
66868690
158919957
163735928
187738194
187312035
161405864
187593055
176984208
187704731
187680701
187670053
187630895
181284020
170478174
187557410
187515188
181220069
173832409
177437445
155573849
165554624
162756408
122219085
182524692
187334014
187306914
187296095
187262864
139584595
187230748
146633794
187152017
184160754
187063602
187027830
185432637
186855204
160028559
186902765
186953870
186960087
169073306
167850084
186600995
186926540
185721738
159255409
186245604
186841886
183043491
158973427
180492591
186556063
186307555
186524743
186683236
176828880
183861535
186663279
186623238
162107407
182615856
165230583
180567435
47202030
186617675
186599800
186599266
184176875
134231775
186531423
186527350
79036511
185867301
180129355
73778022
182848374
117905518
186450637
186480679
184204427
186473524
186181704
186282750
33498641
186348287
186199075
186296971
88380892
144575939
186279743
186139102
174582788
186266216
173322610
184540167
186210657
186203942
186180296
125885911
186162766
162587397
143549643
185827511
154590099
66132173
161923706
185894901
185899981
185863327
180485123
59324585
182212801
185695583
185678357
185523507
185496315
133791222
185472885
140726271
185241517
180389426
184934858
185403086
185394253
185354491
161369713
163710057
184088289
184567176
172530537
131188827
185197494
153569877
150850557
149305397
184980120
184954565
183746995
166147742
182092997
184910019
157428206
184867302
159935615
184635971
184460667
184177755
184209019
174412557
184263373
184173110
184326616
170179287
184252251
184217004
184238898
177372171
147665324
184192153
184176108
162419277
184151199
160992185
184096398
145767571
170021648
131419273
181752699
183431260
183866255
183864829
181637752
183862015
183860957
183835628
183706116
183796774
183441786
171985149
172181828
161123536
150329393
183692557
136831653
183327865
183418979
163455151
183325543
183364559
182598169
180868315
154636536
178436930
183087457
153935041
126742441
140479538
179610134
183001084
183028817
182923403
166190017
182681974
146558359
172605096
102430736
177745403
182502290
69122761
182460579
170705488
182228986
82719794
171352326
142573531
161862360
179693351
181715428
149351796
182082245
182079941
180883077
145669478
181044281
181973365
123921113
159282675
181786099
181410589
181699616
181679015
180633295
159910115
181160506
170340154
114830282
178464653
181304480
181208807
178119320
180211866
180403956
181195380
124060404
179279865
181032397
178422337
181003296
179310719
180975384
128558443
66996414
180215510
180864794
153575676
135207461
162504671
121559236
178389301
169098002
179653246
180404855
82291366
164035288
180239805
158886943
179632817
102099479
180166933
160538988
167116027
180124803
139178066
177204731
179966457
175518060
166752787
173990464
178151874
171365005
179349721
177404637
131003769
171530157
179653867
155010983
94214747
156266164
179693228
172148018
179667337
172148692
179622559
139796049
123766052
150397068
178805979
174894383
179300334
166061977
176877877
162750766
158455508
168513310
178944279
179067944
141391897
164077028
165582584
177407423
178629041
178578065
178507110
174042692
178482127
178445786
147067605
178414860
128911667
172624134
150504822
178176960
178132098
117612857
140895326
178134395
178123523
143173705
171658355
157011514
178059349
178002200
178030589
172254501
108801290
128078267
177621770
175114981
141611350
142709195
166554033
177428275
173276533
177348062
177288476
150840986
177152487
176444321
176846594
176491594
165130898
176819749
127286788
175858959
176639901
168474907
144882998
170552178
176506941
67969838
140184566
145700390
174932806
138984367
144622357
176184207
175994398
175985000
173745643
171936419
147667410
175836564
175810553
175782034
175108751
147708734
159667260
175599545
174051867
171525405
175426553
172804113
146846141
173665495
175108877
175191072
173563141
170841510
145373858
174756987
89248995
151005034
169941919
142139963
136703006
161872391
158150463
162125565
174737639
157170628
174720001
174412945
87981899
147740760
100683500
174445655
158158666
174494029
173685897
168315594
174478069
168219755
173662096
144271882
174411517
170800055
174307017
147237278
166845469
174118940
165590772
142072936
174006389
142362546
103126946
172165990
165596696
142291791
173599810
173623152
173617114
161033825
166726842
156873403
168235316
170740242
119468672
173518397
127299662
173334411
173328398
170408757
128023350
173111175
162136234
170154153
173272787
167378522
158596789
151139169
146876120
173179539
146069454
165162632
173101889
138895301
145446087
165821747
67762873
172918040
172941442
172031275
172758579
172880005
172820676
172849466
78056236
171278096
133689304
167919833
172194722
172421021
172569258
126548561
170071220
172061892
172443944
172464994
172455060
145484277
136011816
167555155
172039012
172377641
171363887
172183655
172189439
172006898
172183523
155374734
156486178
127907913
171992071
172058833
172025075
102383595
172027812
171760021
167406046
172009626
171978533
171977933
162906252
171896068
168994649
140150943
171118864
124227341
171720842
28820225
171682433
170409549
171243493
135272893
146468687
171573677
77450537
168244698
163041447
163499439
163167919
171365465
171367830
164854969
146846069
170802681
170923964
171305889
170536011
143336687
143960370
170838271
171186837
171147533
170035229
150037636
153423758
171090946
153259150
170891248
170857257
170862971
170159475
103865011
170842451
164295268
151322018
162090635
163924681
163135269
170530424
170745151
170705702
162504783
144858478
108655187
128711179
170481019
170468592
170459353
170192802
170456775
133341667
170432800
170420312
153056051
125114196
170145308
168294074
127691710
169660658
170126596
170087489
170098813
170092932
170085213
167888363
170043437
170016145
168927402
169564197
168729581
148462580
141009614
120037266
64858308
169761589
107495963
169729835
163610813
169598577
163114052
166810743
167975238
167645419
119555256
138835152
165171602
169287459
168320159
168530997
166681572
169190842
169095734
137171313
168920914
168924191
168896889
164788624
168835306
168765390
168756453
168747620
138865554
137826340
140624397
168327894
157620750
156853482
168313631
132336459
167480453
168260323
167992977
67729758
124877068
167967591
130689804
167644482
167932886
151230137
167909891
167899965
167888091
167881073
159305041
167839697
154348375
137168052
153558191
167463958
146232226
159519649
164487521
162151097
166334094
167107919
165568265
166841738
166810640
59544806
166713280
127612845
23453328
137735978
134251256
165510655
163324717
161482257
166191628
166201939
166021963
166098737
155393126
165977785
165973645
126383931
35735326
155352270
153432512
164884729
158786088
163105430
82549123
74072517
159318455
104334707
144658492
164884809
165465914
138933710
81940365
149256781
160434649
165254769
67443974
165232087
165235165
146627991
151483646
165103552
149174123
165177697
165172081
164828928
163741530
165082948
164439970
150170041
159859826
164741320
164884786
155323634
138514412
151717159
160009564
164502298
145448964
163136023
164443938
135124336
136332214
164153188
164143117
139650307
163925682
164071918
163145997
141446266
164033992
37180080
163995236
133422676
126000234
163114089
163525920
160244472
159318396
163572027
163689679
150321606
102120221
163763828
139807051
158808291
143967816
132260465
141339902
163718491
155704395
99189392
136709926
121860273
145842695
161140570
162918387
101652488
112740766
158624908
157486419
155441025
154769245
158495776
160061376
90322842
163292989
43948901
80849513
163689466
162752994
138841158
163068262
163435949
163312198
138506473
163300338
163289343
163287675
163284416
126753782
145867905
147810426
162880409
51176676
162927630
160210049
162936713
142699247
162508576
162876014
157824941
162593534
152899077
162603703
161105766
158152112
161857887
146635482
162417375
160912373
162367866
162232139
139094699
151536722
94498274
161851722
162062420
150823717
123980907
144584458
142483618
161790001
161777148
161367212
126197122
146227963
151576655
160313924
140108919
161373047
134100594
90407061
161331660
161107343
156242969
104974410
160401451
150709654
161102107
128386275
93759227
159664646
136412094
161025790
160971197
159350793
151713526
125337474
160968300
144983165
157923228
160687186
146137751
160697282
160712121
160694329
128079310
160671305
160652508
114294269
150022649
153473832
160366230
160312579
146886824
160266415
147262052
146147237
141806935
158401712
158067648
159780278
159180619
159622062
153235797
159606192
127978070
159458440
151987013
158502209
159355092
156145891
158739995
159278414
158901390
159292134
135235252
158602262
159231142
159222939
140124739
70419659
159102926
156729289
157811801
157115446
152876753
158952014
158948810
158882211
158872926
158486897
63029471
158834693
156624809
151425157
158785536
145406315
143183276
146991418
156691893
147046425
102499832
149301267
158588665
158586968
56022690
154972869
158153794
139179177
148335625
148872149
157501351
157828835
157431706
149270703
147459386
157556259
157485740
157484888
141284817
156423656
157432961
137882863
145313961
136982241
154240292
143162378
156805199
156788616
119923367
150439660
148047683
156395323
155998138
137441327
60153839
156142615
149237507
156081987
150524835
155824769
155714342
155311691
145223860
139185686
155183772
154730225
154655369
154652838
154627272
149135147
146666571
91194115
154303842
136687031
153188050
152772222
152804009
152511520
152461924
151564069
128295284
82941655
152086118
151874345
87734172
146484821
131329044
90283194
96595739
150805789
