1136390234
191255960
797869356113915904
815213299
2479788256
1155778542
173647340
3248216902
72442369
2953564389
789093322015051776
746867253107367938
561409397
3318892355
200582801
725391975206260740
767026861104852992
3297502559
4887371535
209755874
472980215
716797403920261121
27130568
3997730452
702033383224958976
773298506614398976
157082621
732042530020306946
770951690212216832
42506989
86220910
770953127935807488
749227252244774912
2944459221
1611603968
261480804
4158293387
712740581533941760
767561811222728704
1439829786
767045440848158720
1242306294
4892580885
764880826630803456
140167530
35965789
4494010395
726516307231907840
2773565134
842759010
757580182811242496
461748758
467670034
70558920
826274161
455352383
4707821535
737314494901301248
874551488
151846129
756132687899942912
3246579681
1454219582
525886770
2917790362
2361683273
1532112049
2492353058
3234403522
173325800
1291391155
4186600665
613000540
747434631981637632
402238035
177008972
378548466
522770172
2431063777
2782936878
749944498319491072
748944617622630400
748488970699444224
3538536082
880747945
258405240
4188040865
746216176619970561
745396776908161026
1592178128
1155657252
188027066
1641906366
324915679
196638857
498476788
368989928
2260522487
738596092489535491
597527802
3680458217
727433581446967296
492576911
735933439044661248
732230786766639104
1353333943
731925603314765824
383498015
187054808
257231350
490969515
702078435070517249
3050684744
149337623
188434971
190334648
380027924
193986785
807473527
362523954
342044752
1240345568
3071441308
719196625726529537
130169058
130466775
19842965
4909073697
2812519229
716744193612320768
181040507
163672912
3095778730
716712533256761344
714786817745223680
4119568427
777395148
713576633215614976
2444080604
143967255
4711098731
1713039841
243233631
308611334
507989358
154623365
4382892495
173886028
2387704773
1147030723
49262492
230914011
396966985
2899995729
706863097231839232
78479725
705146365559627776
4896592984
2550386533
340735448
303963036
702646256900939778
362201219
135691977
173186940
726615098
263175628
146714298
2481058716
1584480475
919411208
720417318
398156812
252685105
334832451
378746832
557401168
3976894966
586160271
226006931
160021550
626499540
4735746977
2470230428
279334607
2332516723
1257961844
4840750865
161906014
178859453
4795123212
3371615279
4827033004
449418413
4809700522
3039385097
2457991152
136832843
4755160877
4717081223
52446603
537439297
4195895241
290225783
4596782297
3344907093
3252184925
1454470316
212254526
2988491715
26815881
4497881253
4561748354
146228371
2939744794
4338310937
870576354
307013440
724427394
162877331
67760443
391791382
2380098684
3313630247
2442423885
4222587323
4130771116
192387664
196652016
981711266
4198616061
4179461398
870822902
80383352
3688084217
970098918
4105102085
2710779090
1697741983
4063405036
537570468
846129325
3633645076
207838689
574885576
279650834
2707569241
2445769897
580108093
174523095
3646150763
922019443
173542899
3383627259
71894858
3378717615
496091157
2844685873
2388308780
3120117559
410457391
2205428688
344823398
67229247
3642393375
3493398624
1478443880
3351038062
49011450
3579439887
3425901173
3236470842
196229983
28033041
162762517
69346695
3484982842
3193089399
248622059
182025584
175193979
226031689
3443903187
3441809663
585056004
2563718029
38356590
3366716639
3409245310
2195185652
2185657123
310014152
1245227532
367842885
124578047
2329650680
3420839187
3415050855
136110656
3405066393
716075515
3411538366
153518294
538554882
3406358463
1108932336
171190461
407422805
1158928796
2553794112
98672652
223158399
3391219947
243877614
312703601
1659383352
322236669
188359247
360746375
3372541864
128386525
2418749343
1460047812
382822874
3368520106
279074825
209795893
2269019804
139786264
3361669804
614714107
3072427828
3135272632
106818572
157161819
359174860
2546797490
445566922
3309258519
1348152032
342793141
126829935
3339641182
492598690
3337662551
182611124
170493301
3309785661
355586941
435377174
393850672
3323768987
160817201
354306047
247133358
1852256600
1578733190
1035664987
3309160888
346256564
2734133385
69266437
973009098
3293243122
256208873
586480602
157477186
197515360
175244303
396874360
3220663268
1243686019
3198538184
227458903
73168299
1675451508
139887975
1923559705
126755377
210966579
220096389
3245207447
295511100
3242083738
724154293
151694818
2213073228
140580756
158791275
239871173
1069077907
1347263137
2307657744
150322396
2790899828
2727008522
3178360235
320439355
138440470
1554271651
1020291218
2883736444
3168029488
761449626
245521578
263989330
1938033726
101585732
366186827
391579648
249497189
2564423379
2864329709
2714638368
3116611264
1873766204
173970980
966286495
3097485886
151243916
192746460
3111387442
144566393
3106524574
42097354
67037578
989949926
146241170
210660373
3093517025
1552221696
191439733
2385302656
1421859116
1131947707
380724387
3088150672
134302272
191639691
2597588122
382501985
130290913
766835442
1625912359
2260893141
3075698206
1436439276
588457690
3072194483
3070536519
142913609
2816249164
67161068
2306940626
208680888
3015099513
2269290103
3042204714
2937139013
1536789757
378187883
488125473
291451439
128240058
1372696632
2479561675
171083626
3039312538
410147564
213751161
2915729391
1868489706
2322356828
3030553893
747930608
1688205001
733278656
135888160
2869831070
2951483309
2870110087
1388258881
261361646
67923528
615901446
234729296
1671566930
159565676
142429202
623151332
617370856
232738233
51426840
1970279155
2922226923
1056028602
2308734993
259306040
2590805902
262288966
2904385642
600906808
314736655
2895977115
2398569288
343555900
58861085
2225637522
2357420737
938140219
2864135914
2768912429
145339716
106058460
349106585
1512195642
2866556565
2191372136
354606922
2871664379
2773995341
2837918332
1952195712
139239530
2729903419
14372080
2178257054
337463737
2853973509
552683910
232273056
340679695
2848584514
2791985033
2477485861
2814073376
2841643283
2836418267
2776762530
197869443
221139089
1109493188
37503700
167752272
2842572686
169890265
2801189309
146666564
243892673
1581959653
560607309
139187533
2832088639
386533027
186297694
207710077
156673034
2830067444
866391770
16482433
2271061411
297097083
57784188
1052943439
1564096309
2817200204
1275017594
2805940356
2498862326
2809957495
2397200274
902298258
1447564873
133917975
749958872
361907503
294124046
169549966
377651030
289571837
155586627
2776659450
261964772
2779128673
1373661859
281523559
456192581
2366144296
145866753
2561916076
148151879
321742607
203809462
477861983
111733204
563193692
2734093133
595974046
179500535
1527943147
1294029902
100311702
1621516662
223845563
2548366527
153048358
1122600336
512106772
811484796
504773625
2705509148
2704970047
124274523
2701223971
2182779207
2693031541
506626324
186964337
2680023498
2718245488
2591781216
219555677
2440420602
554610589
387475635
2566096621
2277174115
406644691
756054930
2693379447
737487043
76184807
118679272
2694021994
594197276
2679286660
136720644
136995172
1918710278
1619097288
2240961638
122829680
566224607
123937349
1633760270
442826895
2158772880
2589844021
139471292
1732365156
704208859
1038302772
1194604874
451184040
2355382081
2189099298
322966936
532628749
161232029
80882617
2552661224
1554050953
708596127
2151175302
501995143
238724911
1321668290
143159147
291446123
163481247
1202852521
94934662
1905963296
706355572
240715096
975189768
216078338
92646912
2356413259
2510772295
2402018305
2545912955
1875915180
1904600604
1394654064
150623557
898974361
193782008
322738921
2475819650
93218264
2509917287
1965389438
2483058901
1468585219
2478397370
186528862
1088494838
300488407
376484462
2462031494
1231601784
180899673
209222652
2287316676
191902446
260929086
284788539
389298383
321668656
717254809
2374442881
1413326748
307078299
590086689
1325514038
334294043
78015523
279683995
59644829
140443342
2380861358
1975349978
310512582
2394986905
176434960
198293062
2402474574
2151510324
1665775020
182410903
2296009837
100081828
378954707
173310566
77862937
487494258
1927082497
1676071376
97076407
1692347077
165949384
173237899
258989736
347024362
373626747
58104421
79506324
255171364
316069363
1223856248
1315025310
900158468
1465328071
2384320417
172012131
830394098
381069485
147358142
119922204
741834745
165153271
2292677469
259379659
2238462951
171139798
349322727
34828058
465762465
133411192
178075752
177685476
1529626820
178846954
187759063
1087159351
17712479
335027463
2354332248
265240924
882506305
2297023818
160267612
1148854268
293003933
1055879556
66917158
1404118778
986661572
507773444
357889889
489689572
2239915472
68309143
552705633
1397184476
2322927465
149663243
130372731
120508354
1116956294
162044976
2287362609
461718786
292606708
2302024196
212107561
150912207
233069521
12843022
1027452780
824088990
967221734
200153889
230823803
285975166
206477463
1098778886
146634574
271663216
121892747
1372602042
111887334
867148987
218273716
94153076
2188982485
1965718710
2182672962
138251420
940509799
472498707
2170839961
2150891012
166392109
188153300
202778310
1045874401
144910089
625180500
755593866
626345708
138293401
1511306336
1879390710
258921159
1861450501
564577216
1046320010
1570610018
77841312
303700032
108326450
310523682
154590203
120198873
310429519
1615360886
122773258
1615341528
1607165816
58097108
122118740
1601522629
427053599
1574090293
1580779088
747112970
1559309778
1288886838
1562856067
1249647397
252228587
1546541138
1397646714
339144055
474407248
133483620
939305107
327999941
929262103
1307702215
449236080
202379071
807658568
346647423
199503485
180181930
19169357
1157985428
339075999
311740357
310585644
1317910254
1089242804
497347920
397705333
1186960843
1322680934
167528713
110861445
1385776250
1375109000
285283710
486104484
1187115192
41639538
952180694
556885499
368407371
198013236
618601034
26146089
190451726
158493736
262033420
160346452
177372974
228854093
93249937
254732118
258154926
420488412
121848188
626882500
213006466
1241987924
1109388212
550720653
270533208
202634086
563552905
240995732
161510653
251464456
423789179
1046850822
959345935
632944372
379231272
776826506
850158384
374905566
158568639
957453570
989001204
987173532
972972524
574164069
809914111
87556348
407447710
181739726
395700865
863933892
100592931
203264074
242139335
297722439
340693311
54447185
430723170
896783552
887139187
152517934
364515532
268960628
863500796
240025226
288982265
792786078
586652101
338556942
206952436
134602649
193425344
257570348
190861977
375217581
179773066
236873409
591925921
733293212
76177443
773579336
488018878
259753870
229868438
85314350
539104727
251699551
618205682
170055553
172442248
177682568
151840765
173988430
156981971
140827168
139017974
171765551
95345681
179168689
172818211
317823480
116439792
372055320
277052622
707576946
133692857
314687897
