3211999708
792898427948568576
2404795338
147724253
1352075947
1336529898
127315482
1009050882
2752764461
776146569108291584
4011467475
771185453928067072
223847159
764954123095646208
96687737
4006656706
3013536017
134544034
19462728
746388592407248896
1143701754
737846605597052928
204428930
3425988449
3383732380
730031754430550016
720271266599591936
266309526
3427054925
315393145
121709923
4708756575
2222878711
852558380
4754862795
737368674
3299785498
162509955
1301291604
3119437221
2921713275
4343311041
2810452552
587651685
4115716636
4045152629
3858619575
3798965292
2821740405
3598586596
197245711
3435646851
274210140
853136869
3396345213
2202216085
546348667
738889826
3022892721
2698913928
181076083
2353731216
3304585235
3350555339
3343513187
3314213542
539308540
1525050326
2578158106
1837768867
3261252399
146144794
3249709863
3237502048
2302230505
2512612789
238660090
259953303
3118790765
61716467
1532066263
178140960
200458060
168213890
3048202007
3015036533
296349194
75750972
2981017521
2691049631
344178242
2612945427
2384320417
2883625577
2896495978
2887440088
585778582
2876452281
2861048273
168466951
2835626411
1694664830
623471430
2823928006
64477117
63385567
2787281368
161080948
2776173663
2779043526
2811843948
259048842
2758293802
289325935
389650961
2778837948
2776593404
2748744617
149624239
1893426962
163610541
342717749
2694054948
73205222
2532741456
2172745662
576091803
539948668
2572807434
247946635
2594094973
2574809882
2666382988
269814763
138533038
