161510511
282805097
2900767808
725157749902946304
317823480
797869356113915904
829747428
929262103
798150679030362115
799418296458211328
801083089208360960
2452086896
771317026132529152
773603471081742336
85824532
174383782
798859944472678400
134861572
355078890
425244315
1325514038
297722439
219133918
305642859
2778545942
789093322015051776
561409397
377364496
378548466
196243879
754959895728885760
788594756158943232
786305305550458880
2158772880
724726561073704960
702909503998697472
860719274
2869895805
232738233
2510772295
4497881253
260015297
2391273163
758377231030812672
2430778298
378898497
761991338468466688
773282535304531968
2229464270
2704901720
1449692484
2904385642
767045440848158720
260977712
3045268091
427776994
1332325580
442049739
342878423
2696242091
3420839187
1546541138
739305250931265537
3246579681
3308223172
3528974054
745345523125727232
3048197313
2451999223
1210613298
2656477501
146554134
206698353
268278291
1554050953
339075999
177008972
166853291
745434790820720640
748331103237210113
19797387
4786353034
174020640
742402641964240897
1594338379
389819073
121427775
198293062
2792542753
3680458217
735933439044661248
10941412
729719821856694272
2431063777
3325908490
451231300
151212865
730546030874230785
2483058901
2765185501
247166540
729429493354536961
716321032534097924
719196625726529537
1679404766
1241987924
1879390710
2727008522
2182672962
264348860
4776751994
720246489260388352
576877135
211966920
1553367865
139017974
310512582
492595468
2268879493
718251443078184962
3389456333
3070536519
714548385395712000
905162755
2493048314
4846785833
1109388212
966182004
210572782
845871612
393603287
578765571
314687897
171195621
1619097288
4875202215
461718786
2805940356
218943124
1580779088
41639538
4547031801
147791121
226300920
2409321410
