799760076655525888
265549778
793489080495566850
139057133
792568870104080385
37145500
2953018037
422939651
846216186
3224059307
785475352911044608
2460222551
770294625110294528
779689802090311680
2520647380
770665989474320384
385666558
2792115656
96155243
750753313201807360
767799383291207680
741764773591842816
3579533674
707708542422269953
954580399
734538717562474497
762691541475401729
185623670
761042786195955713
759604489951248384
3420713890
756951434936090624
1287462840
2171128243
866991937
2180957005
729205122052542464
485647010
124830116
747258114685140994
3525637217
3026556944
118689561
740479348168392704
2583205085
740017556078133248
610356565
739647527163731968
2780266437
727991540430323713
1736838847
734134967052214273
143893048
730557215116034050
726633565505597444
729170141972443136
732916885
727162346506993664
718203270225883136
578612154
1572900254
721048830045732864
142880865
714852462298013700
1581728953
139180255
285964666
3317938018
3291580032
702088089448091648
3263140107
705463111411752961
703001404336709632
374621924
702156333643128832
701140822734069766
1118287068
3000163229
3923512457
72425905
4882661213
265125317
177936122
4766459743
797445692
4854061059
2953054617
4685077363
2205969240
2990483231
3233958026
1355910985
275061272
2218684417
3727796540
347527204
200278023
2359897662
320496007
4138443803
930275292
4020358821
551211433
2453458475
343150395
2428074583
723277807
786139928
198693617
1957052714
3785898335
204037049
123698948
3583772056
3405651185
155009611
3613264343
1671917312
1411921910
2229000897
1141210231
3502829242
93261293
3433191921
3410725479
308259774
418832335
77778563
715446769
2571659657
3389674361
370284726
148975481
151299553
445337228
3132797641
801061531
3345607461
2829271715
3350092995
2589215358
3345994995
452626039
147240986
3325124884
3148096253
134280340
1284331824
3309864087
2456555794
242468659
250478007
202788527
3293479108
2986763447
3038146925
2418472844
2766025771
260060265
990048686
3214088579
267050441
3084200591
2701896139
223457525
3198888592
319360488
3182741199
3171428433
1932631117
199492510
1641963164
3133176573
457740607
3131437283
476028242
2448777325
587676187
1075633891
2920988841
191460227
115993382
715282591
171769902
3064940673
125498070
2209570592
2163316085
353354495
304120601
3044871689
3037069682
273588125
258191425
3013224941
2784834069
2827653633
2984201981
227861707
2962183779
998231274
2941044917
109160570
2950608711
85734226
2768517217
2905843197
2592065816
2571441772
166827394
114870540
122185149
2226890449
92861366
488733914
2393880872
199455541
426694781
2840590036
373624590
1594462122
2832623919
771782887
2811535382
2778366802
1949404088
130048711
2786019570
1881806084
2760369219
249789986
1551054354
2750344407
199156526
2747053657
2740886120
757210170
445072335
2710343695
129663174
1447453886
2729182391
727193118
2493698400
2615760848
2638039506
848442428
2651032472
257711576
2382274543
2676695134
2592453730
115505462
70992264
2565628999
196736097
199447844
1637869928
1401023743
2275384873
2523612896
478093824
2485757648
231410588
226373967
77213757
2296679881
2439228968
139724506
404142467
768562392
823427648
863829174
2439367452
2439316608
816421237
2437678020
2471173299
1434381913
238315497
2157730872
888731070
273105546
2442084513
523747519
2413337869
2401861454
251837325
131607711
2406010322
2404833524
359757529
1353188262
2416299389
2200331089
227329654
142405088
2387384701
1471390268
1911209905
1481328512
230349734
1365540631
121834295
2381066553
167795061
301817099
785964846
2359853791
251962509
73774689
104051216
170377279
369084311
1446837937
343824815
2333021836
234497639
2326304841
199744389
308485489
162625756
500015336
2314817985
2313032540
549775511
1682094854
127068773
2282574745
2274572802
1407020336
783540024
2196698722
2242473133
2168349824
209704169
2238898693
722992374
1915849904
420335634
1961166104
1223519766
208898962
168359696
803785940
2155777346
579232752
119048340
2182745240
1959623190
2170459896
2176829392
1641664411
446546805
2154235916
285587768
189608753
2149029133
113258573
1965878287
1363553905
1923282528
1918487984
64749053
707764844
447492354
234653432
256738996
1860798415
1707611389
1725193368
147865394
238381047
162184518
1720861866
1684298456
1665428077
1713408714
497431337
139487862
1683519596
274671173
445964488
1654117898
83943345
1647395419
1635457410
1636428710
340041200
1611296948
1605969488
69151326
1041158941
1601921432
1601675053
722806255
1598899356
1417653817
1551079388
1584157201
1183968792
341946336
1581594456
1327077486
1548671202
1565490804
233564809
140990606
395048854
1532732718
1553129402
1552723140
370849835
1542598878
1534706041
102470875
1528924470
209308980
134252451
626023175
147416205
154618685
1502807070
818632400
142253264
362061831
1497487459
577696227
455128837
1491471278
330523481
157418655
1464723092
231539067
148057286
199061704
1463747942
736610029
1442181174
161202139
1433106906
1431176736
345566711
95126006
197200679
1405882393
479610573
88566653
115218267
141251296
1408752602
1325177689
807838224
422209635
1403524357
1392940160
1398678504
1395180680
166441695
1390332895
257570660
1376020111
245908498
1368205662
1321663987
1365742621
1365496170
1364601265
200950419
1347316980
1359618145
1357860722
1357415112
973238070
847710427
1349706559
125869970
1342544617
1341942626
57728096
1336654728
544371165
990083724
1323707816
185470057
67896958
1312241474
210155468
154267722
1287380071
214314520
1263453114
1282235112
922121136
1268063514
1274037895
912440479
29508737
1267684675
516592230
362815416
324368489
1265672467
165082811
1160793283
408883807
619507628
1058974610
165206035
378264969
223662534
1242802398
621444186
220875296
469485746
1221349608
1215900313
1208240702
169532225
142836409
1155945936
71943361
1188071646
599612551
1185339248
946326314
490098474
1106058607
154598392
1173282559
127066112
226665918
1170050052
1150419901
363990544
1148035442
1143222606
980895421
466474368
1129732278
1128657266
175260499
586997632
1112232151
291917487
327183347
227713440
70305163
1061981185
227488431
309785053
44963903
152861854
138162719
460951462
548161127
190234684
1013124074
218263327
1012075963
1011347292
194563022
540385475
281073008
961779530
204829779
395438603
973081374
966982772
197725828
872448644
959356748
193789431
954549326
923966898
938089904
293200090
527602810
920117971
239418235
915794022
914567180
906778549
789324278
869860676
879199933
135011635
488837655
184139964
865537453
202174244
570345188
582273339
384049839
853930772
166351239
852110791
41750949
106300838
557886039
266784928
167162759
821403823
732785372
258023871
605721775
820281584
139117959
753404941
397297611
339880480
554393934
196385948
811745340
243592184
788537024
317087485
785793930
777226021
198368697
768984882
770677285
765839114
761486244
758135250
385202144
533226157
139746420
275420723
703272386
743030012
168710079
715824326
288947150
729649398
143275745
709959056
450768585
329903226
629926573
705580940
705952722
200693314
553078085
587017193
628739101
625924350
226953284
620058788
564035874
618487521
160285741
152766115
271007907
337462942
614867586
611669840
596708728
608108150
607804708
577377226
305335467
602870994
163139160
602046173
600758860
498249494
595513949
29189224
596516353
578045220
592396020
591460507
492584282
382625693
533561363
485217278
584321635
62886664
144696243
244549696
544761616
390491033
580456037
571534358
578508176
552418324
574856600
530898494
242320611
407220704
567816325
148939963
515024617
567772361
272379315
563950142
563025765
558999745
145262233
203599993
457082361
240874484
549679662
547881860
546670951
538320277
406794399
537527384
535844989
535562950
136396751
534588585
533933232
530954019
120568136
525888548
140926939
149914553
527554043
201047370
526706786
521603506
350421804
62631451
523446425
191613914
150487943
484202583
461720307
519774727
517203059
14729030
515760150
307897835
250940405
506377547
510849865
506678894
508952442
205678292
239830584
154377009
488536545
503928224
502096202
192997646
496124674
500099084
499037364
332357396
201413264
112165509
494655693
355116118
493354062
271235314
447533607
150105901
488065062
291193673
485490308
187252642
373062336
37083696
423112712
476776805
474372968
470349582
262917559
273744210
127920994
464286724
463356472
229371960
458755642
223607088
69045788
320529846
136706859
446424964
7503452
441068034
438917666
199322074
437165177
415196008
430799618
170922363
285981851
45532574
130394846
422925123
159330485
399589259
396929405
418978426
134660511
413340404
413462383
180551247
390523950
148050347
267807100
401731207
401132961
193945334
207678416
110198304
397971789
231573411
344845062
392499120
181269232
338352662
187350710
117283318
387775575
235805313
385684626
286464159
76864501
383104540
380608171
371415778
381055759
68033119
316837825
152736402
351973305
369314869
374012852
229084156
349807123
350980084
373515244
137434470
334738041
370529049
322264948
79866986
118031175
170114852
370869360
277648520
369605059
146244315
367189796
153476589
154299859
162883514
79557215
104539542
367626490
51839077
240977011
365047995
211567793
364309485
362221128
215756686
196790730
225623527
103980780
356452506
136125145
355117329
311759061
164075914
352543385
332349418
345583794
128476161
347440972
288048718
174779888
346764291
86176744
342652072
346255989
346060211
121973452
345058554
182024266
343376204
294026509
342414266
338748526
335436332
314090664
328619257
330434331
199162063
328161676
168516009
64585429
325785716
146486663
303520654
320498763
154660251
318657137
309377056
318043352
243318534
73166563
311510695
290838863
308615398
265667317
310041757
241715446
309048331
308183347
56058060
306834246
249897541
304473471
160638656
179709487
139104637
298029533
299822040
101124114
269214927
297714025
115847416
78995591
170909555
232569886
193535931
294629437
143622661
40010602
292552182
221987000
289647332
262805026
263485426
178102202
128059428
116504023
285775952
51764762
286784514
285270062
283822646
282719858
160714189
153012227
152047030
183918416
128072266
278221381
225617963
274574509
88315799
271169347
270689774
147706246
263715961
261040756
268613107
266990571
264509668
263402784
225901861
253331103
259153677
258892600
154161880
257098012
187747425
163635106
251906710
104261566
251779399
247258158
226306653
245958054
240707246
150439095
238723652
179304136
141023665
227658165
202751017
219084858
213090167
205295758
104794966
67992008
149347587
26548113
55853431
191678592
193075488
