181243427
312834783
355651913
1694258088
631556702
746192948841189378
584072643
731247619205271552
162538023
118460392
330614289
547050177
717473853065326595
170880966
1247769216
3414022791
2462603796
737236388
1184433812
343828419
705896794249699328
135554923
457189160
1554179426
4519616182
2529903885
2987693561
446723749
634305471
136495504
569882219
4768244314
4538448735
3155156830
143445188
172152958
1955319506
1416049999
229883673
338098625
2304647757
308052134
1053460842
243309245
737204696
279823493
3688037416
242468659
2345965008
1138406119
273071761
3290439127
524647051
409437509
2304682125
3233622035
340894266
2650888890
144024954
209852859
2190778255
3249709863
2150209005
773955464
1877018702
591395756
573167739
813931819
39506820
170528802
2820666228
351241341
373483797
428452475
2726938562
296542426
118528873
438893902
2282977271
337971157
567360814
114807656
197231150
180206270
633365153
993795067
384516457
2192818508
2396541258
147262052
1398365437
2477433290
583321928
458838027
110412682
919287000
2507201269
2553210447
2490348168
372304441
212661569
463049631
277726676
1915711146
57098772
2408609927
2391782461
466689403
157805969
938054726
229687451
211750734
1191424070
248609762
145364009
167918703
67194144
251817753
355141884
1690893805
184068098
1469616686
234102592
932591334
36576784
174057670
218683213
151130129
1008017864
73170176
631291882
78057410
505927203
128942320
136105298
35793318
160975484
149431452
177321511
188518506
595815885
172474670
802282675
77017531
921149575
193838669
321959012
226727372
311680925
919245306
135509816
318710227
417445946
307428784
82800101
334826532
160915621
124584557
416767096
51824730
15107294
315292145
14590903
124830116
180092798
179303847
35727613
234449882
159462573
64923730
211662054
42671036
