375867808
3311112401
3373016813
3373011526
3373008688
3366701392
889693602
3347728455
3372852904
3372710727
3371854894
3372735706
3226555798
3368110102
3254005469
3273246888
3347523855
3214559712
3335728834
3371242168
3057840109
3027192401
3372442564
1650980353
3003498898
3361244675
3256229242
3371970238
3003416403
2393204606
3369582317
3371786757
3225357497
3014353979
3371701744
3371336417
2953576079
1723678717
3201498909
2970914597
3189139858
199634451
3370883417
3356855373
3371333519
3366261245
3371299468
3368500671
3247167967
3364581219
3356095942
3153111761
3371119252
3315205594
3234252780
3321919311
3276235674
2208413623
3194651073
3344858673
3313613488
3370868926
276688101
1912193941
3056702104
2979037847
2997177304
3352507540
2998451326
3312219081
3366862079
3370209544
3370200461
287823264
3370168355
3008076118
2608370318
3370111647
2304024820
3369629547
2583957446
360763684
3370026339
3295792523
3304191730
3370120354
3320031123
1532385547
3369990622
3122855735
3369955077
3369934751
3176773192
2159371231
3368624543
3309553702
3141971343
1202524123
3041891934
3326282722
476430191
3368386059
2971064734
3368631256
2514291685
3302855375
3273301920
3094996060
3367077809
2932986267
3296787250
2369207025
3368555135
1312316064
2747402712
1918320715
3309650165
2829257177
3366651941
2540017862
3236671181
3207441304
3349627875
3368479655
3347202345
3302234769
3016305419
3345972603
3064009191
3153901397
3326243187
3366747154
394397242
3368340753
3341838993
2998954624
3166009964
2573605352
3324925739
3361665700
3127163937
3323739365
2653660484
3273347906
3067219463
3368137287
3364330882
3125327476
3260508499
3231349433
3368264452
3365191659
3312075545
3203544526
3179893706
3358874488
3368034711
3116308418
3368013869
3367882317
3350683545
607605131
3120054316
3221991807
3361529115
1643769056
3306266962
3083184772
3367045875
3365313713
1888401589
3361427331
3367034272
3366957155
3361042625
3366791601
3322088062
3242880238
2780965638
3340287255
3174336777
3359441289
3254737571
3349284603
3365441477
3366553696
3366643745
2924390958
3316378648
3134164866
3337257611
3345597377
3272178008
3365486099
1865964692
3364723912
3366463918
3361592938
3366108983
3124916198
3303447833
3359170997
3107909256
832549418
2584812665
601438688
2414713663
3362859286
3365422077
3361192301
3364667517
3357369287
3349759841
3314059150
3364700541
3331536586
3361585120
3307540521
3350908755
3357357525
3299777037
3364556357
2646244308
2786981012
2148171350
3337391909
3347178291
3364531871
3335205532
3364347353
3266351774
3294427305
3181748493
3041796549
2252561532
3364305377
3364292309
3364080754
3243453995
3362429675
2634900851
607424406
2616860574
3363335121
3363590470
3352740911
3207710999
3184554275
3359027297
3363225401
2947333313
3229142523
312766205
3359046905
3363457354
3354085757
3330393165
3359376771
3109060888
3360024406
3362737905
3363002297
2846045963
3345247995
3310689677
3347180199
3357944031
3362980613
3363059776
2778126549
3362897553
3161588876
3361317885
3214832603
3025761736
3347040317
3362740109
3360644813
3362585661
2615799645
3362693764
3177476596
3362584107
2779078308
3341591145
3308178143
2782666062
3356112147
3361306293
3357264460
3361979506
3065021399
3066277210
2791548705
3347131677
3324354465
3358689147
3361128947
3361533603
3177642484
3311404126
3359504655
3361338407
3095922647
3361124705
3299139153
3346979555
3335692025
3268656582
3359033854
3346963485
2983707895
3357532239
3357221453
3353782659
199741952
3349582815
3351277887
3351245746
3360457359
3316989549
3071745086
3359957674
3359822199
2484783210
2799091925
3359746077
3359805382
3359404881
3352479999
2307041641
3349882462
2204154626
3349813275
3358712093
3348015927
2342396102
3357100037
544460944
3314216015
3225752355
3351261995
3359357021
3106457050
2843102848
3357666772
3044993848
1573521685
579462110
2898414964
2152017452
2213537985
3350228596
3357859227
3351640587
3358635934
3181654851
3338457046
3314491601
3346206455
3348500963
3338292304
1027722385
3332914996
3066291826
1411769935
3021370583
3264660845
3087599266
3356140803
3208252389
455907803
3091482077
3357459647
2828857316
3333479698
3350122792
3348509501
3319602047
3267365078
3321982083
3357135341
3355788353
3309876868
3351453400
3298076975
3054054332
3356592389
3082946963
1000815991
3356169495
3346238530
3300195730
904484780
3154545928
3353537980
3355877843
3317896847
3344534699
3266376816
3351351725
3292085176
3256829616
3293343075
3243714560
3291093441
3347416203
3266215266
3355703176
3234615372
3355628632
3355593629
3346025139
3355427609
2239842368
3254678865
2150047344
3354445959
3348371423
3118684095
3352706830
3260941543
3353237651
3030578922
3347941318
3347456841
2245834430
2952389153
1120379216
2513820944
3350081861
3279940529
3308658041
1568777214
1239819781
3352425879
3354085017
3134370382
3044340001
1155484495
3354060453
3353926114
3354100186
3353555517
2798839596
3354042328
3167225315
3060363391
3221633181
604932029
3353576663
3248850359
3291905975
3094021465
3292073602
3041820227
3308578247
3353341354
3352825121
2661013548
3351505073
3352668971
3217859560
3347213758
3317125503
3178100189
3352777017
3040763032
1403185860
2482978944
2996077767
2966884916
3103489306
3122475915
3174500757
3347237265
3208428226
1012206085
2354171162
3347069842
3342041027
3352542495
3349954475
3283851389
3080997413
574087888
3347082982
3238281222
3352364223
3231931045
3225119847
3352284501
2265941888
3343566245
3352186577
828233030
3341725061
3348213958
3237702573
1055395242
3352064877
3352094638
3249107213
3348230243
3307957001
3252400150
3019392976
3351445949
2356872074
1202775642
3063948964
3242379083
3330238329
3219562692
3351422451
3253480741
3351045269
1511586104
1969164302
3351343383
3351388391
2800160127
1969980277
3285870507
3351264585
3304992489
3309705982
2980247008
2671209614
2987758978
3346002526
3351000310
3348321490
3350846433
3127043998
3346840798
3351101537
3344786087
3351107734
3096957447
1671585613
3349466555
3347126235
2983042702
3351008872
1675890980
3077322905
3177476327
2886117099
1254505873
3349800173
3350770768
2688211256
3350615085
3350486765
3350388737
2646232416
3342981651
3072142963
3321288149
3350089971
1099627406
3258675183
3254865405
3035982257
3243489809
3343225043
3349547020
2895935541
3349627821
2891337738
2382861488
3000939106
1927963898
3340297899
3198242155
3346710933
1947909589
3298650688
3348504479
2333877816
3138523942
3344804285
3344401234
3240928552
2798649880
3024861611
2915995709
3346716995
3340464767
3349149802
3349081144
3295157921
3246010571
591150335
2773528817
3348502511
3348310637
3095900847
3348419987
3192421103
2270800057
3348406877
3006553311
2882102327
2744686445
3347706477
3348170487
3327664707
157973181
3346003647
3347965931
3288334300
3071326095
3296109263
3348021357
3344986485
3075646815
3298974927
2973932709
2823129431
387893417
3295447757
3188501435
3347867471
3258068168
3343481296
2806182961
3312072460
2612526860
3318136810
3347462350
3347761210
3170254485
3347610549
3345978843
3131461901
3346869789
3050270982
3347557444
3125751135
3119514070
2665005520
2960019368
3346823128
3347213987
2923763950
2434079714
3332067232
3064069007
3347230420
2887584190
3347094910
2384046020
3344791138
3212827672
2290405250
3347089690
3305302895
2584636453
3346918619
3346020712
3332057609
3256989074
3337322135
3346813085
3319604458
3346838542
3346645750
553166697
3346714781
3346666671
3345862216
3312492767
1035491778
3054765929
3345847965
3331249264
3346537204
3295460687
2734635155
2343187961
3311884743
3202419909
3091524231
610401563
3179915231
3024402844
3346112889
983553698
3234437336
3346083129
3346078787
3345872927
2565181702
1131564128
3031696667
3309866446
3219285903
3337789276
3345360957
3121810275
3290312255
3344728503
1070122952
3222366483
3343086479
3294507873
3298545413
3258569235
3343438823
3345501255
3307306013
3345279477
3340895764
3144246557
3345028685
1969604401
3037563095
3326858691
3344926343
3344837361
3255013338
3339807645
1083346278
3344731769
3344780224
3327476716
2746420876
3234165745
3344493075
2327159792
2573558288
3174077043
3343401676
3186737187
3342938105
3066964281
3246453939
3089311139
3227383210
3309751245
3073244631
3343835614
1115252112
3300962073
3343484663
3053069899
2973627869
3304828217
2767941514
2815889010
3343186967
2826903238
1949433152
3222725285
3174204593
3333469097
1478352044
3128358492
3330851230
3343054835
3299410239
3342938745
3342868727
3227673772
3342843959
3342838089
1338517092
3333243387
2690658847
438845295
2792968601
3332036109
3229655980
3342074265
3342038307
3331423971
3303341145
3289054757
3123177054
2429960510
3127775371
3337850842
3342154917
3341823994
566699059
2239606183
2257454510
2848905838
3339225093
2172139074
2310125892
3341765399
3079305842
2857438497
3192446381
3306480124
3083634870
3341666577
3294195987
3231748925
3335159711
2699832678
3327714515
3055545335
3243688665
3224547203
3179697695
3341349027
2921822826
3328798330
831970063
2973792177
3326674169
3017811160
3033942779
3340386970
3325391025
3340230027
3026506925
3319818094
3334721583
3028889253
2575832442
3254782456
3339424089
3339379427
3064863304
3339273551
2582804678
2163026391
2254359906
3311002191
3309137255
3217586152
3174696225
3314785325
2978930620
1300438801
3338042308
3219828419
3337998065
3299663501
3323813703
3083071640
3255121757
3337591229
3093012128
362078541
3250160216
3337453673
3336981922
3336627345
3196379314
3160840065
3337368334
3129415823
3315910623
3336917729
3225613996
1378250629
195866576
3163804889
2602618278
3336220451
3326095299
3119217154
3127948585
245084854
3329331675
3293914510
3315509121
3326205718
3250327244
3232352703
3003917272
1621131259
3015457973
3248706777
3335874983
3335868665
3335822895
2932771697
2790120039
485905917
2750047341
3188462914
2275341137
3335580219
3331431441
1242525913
3202710875
3332019879
3299682761
3321153455
1679015222
3083121615
3321979745
3142498749
3196256679
3025402151
2824963503
2211022724
3334699168
3334491820
3078263513
3333817109
747753054
3233185707
3215132883
3234398227
3333327375
3130179119
3328665701
3333561461
2816640886
1187252815
3122137541
3333248914
3154723875
3105579435
3289027695
2360001229
2761361571
3331587195
3331443149
1938713798
3332085675
2434604809
2523135375
3219794759
2737584839
3138983163
3241011766
3332011781
2835560711
3300581788
2850773569
3254619405
3187249113
2981734727
3331621511
1557208956
3331338363
3245140247
3331567961
3309654604
3029316065
3321508337
3327946606
2826194547
3330493707
3317528867
3320951753
3330214493
3071082358
2928708077
1075127468
3165919119
167928168
2738761713
3109730788
3063771233
3093710175
3330294815
3319818597
2762566445
3241040109
2800455787
2910069159
3161926031
2980921211
3288954909
554885130
3149665773
2351768691
3252782061
3329668803
3211143627
3319823153
3254923060
3329023773
1599710142
3142504305
3259379501
3167807251
1327423512
229140753
3157822245
3323423141
3031913433
3325560861
3092289076
3241051409
2907140171
3328330000
3321167703
3328109565
3328009384
1876040516
3327831743
3298469759
3322269904
3327458909
3324107861
3306004163
3294511799
2960859940
3319480823
3321627207
3317934166
3003836579
3325511993
3320744619
2369456407
1397062932
3326136765
476888419
3094552025
585017868
3112100968
3324744153
3226392423
3325511861
3325434280
3325462372
3325293455
3325498384
3166591647
3245194438
3325323082
3324888765
2934756461
3323528187
3293213176
2884155047
3324833495
3297205427
3320052231
2452516446
3244823107
3304108612
3324119849
3319706279
2983308628
3318107141
3321605188
3323936567
3224858627
3058689271
3321684761
2920687923
3171107961
1941883885
3263259321
3323589124
3030580470
3306991149
2349197867
3323322867
3323387578
3239344766
3136799475
3323269649
3309645531
3244222990
3233817486
3263269786
2419717770
3068658233
461494374
2854797454
3111246142
229914377
3247247841
3314034592
2741367663
3322201900
3322082457
3320112981
3066250391
2877465940
1918260079
1491501745
2782382873
2973950655
3321749614
3291885142
3078159944
2931808014
3307633888
3247034589
3071639646
1319426106
3321293301
3319967141
2868314465
2524934948
3301731585
3320878865
3312071381
224781575
3187779509
3314180974
2189065980
3160989393
3254710545
3136043932
3319940141
3231820221
3178268747
3315798615
3142228977
3314277483
3319805067
3123942520
3314428043
3303437722
3293510949
3263638967
3319697679
3317545391
3313869419
3319637385
2964738754
3236573492
3319489354
3308861621
3318405754
3167217173
3315247576
3311222729
2300231485
3318870369
3303973852
3161170127
3318652385
3183618508
3242058049
3318349773
2734234630
275782112
1599454532
316594531
3316174719
186935733
3318261064
3317622671
3252160055
3318135934
3313914927
3196170525
3228973126
2358750421
2869971869
3318117556
3041447470
3316004824
864010105
3210183484
2426425099
3318036934
3317945387
3317501567
3317465399
3303475156
3317864170
3307625063
3317768849
1905594756
3312086595
3312740975
3310035526
3294721415
3313642197
3317571377
3123937705
3315267616
3317410235
3316145219
2818285148
3317211075
3226122898
3294659627
3103288618
3316113070
3316743645
319888047
2757720297
3316713053
3316618379
3316598902
3227629830
3254258950
3076076746
3125509243
3316015575
3206161805
3309808282
3313249799
3315686907
3124937150
3093704188
2929425531
2780247244
3311037070
2580755090
3315689883
3226165041
3315392373
3309947495
3087366334
341187999
3297314697
3014841017
3307177774
3234317917
562368893
3314400231
3315297574
3310664771
3312516046
3315415983
3244272934
2731548840
2605356477
3185465885
3315346739
3307152195
3227212053
3315143805
3302917337
2732815464
3179086011
3314193965
3073057150
3310863952
3314474187
3314411441
3312748539
2183248819
3314336187
3307246151
2551076377
3302332283
3313923561
2279796877
3314083293
3091560838
2821406061
3196253092
594621986
3029559779
3242827095
3312064803
3313893581
3174706660
3313879457
3174650521
3303414023
2674259538
3313748847
3304416280
3014501002
3154217345
3313164375
3313725304
3176150758
3310958111
3233880584
3288693574
3313508932
3187744955
3312724708
3305730244
2713393095
3310074819
3245118089
3312839122
3064326245
3163505650
3312325168
1669189850
3312782044
3311139417
3154231750
3234482874
3306165916
786149942
3311343795
369514424
3312689806
3154792768
3311289299
3297347381
3312546593
3242416893
3312422433
3295246685
2270635009
3116612639
3312237951
3309569770
3304929057
3047340020
502533646
2472833810
3301891840
3303933473
3312052971
3291690947
3222218217
3264230266
3252532684
3311921127
3308469647
3085393837
2466475796
1591650697
3311278391
2747328821
3311498386
3234406020
3180019175
3303950643
3311428846
3060202643
1708892084
2979340431
3145590999
3311304544
3311193945
3311191193
2835626079
3226309822
2484668642
3027877901
619343819
2997912812
2808106168
3091714777
3304611407
3234301448
3302129542
3309291897
3235487089
3071170581
3237477984
3234063310
3304048438
3309980735
3303963016
925077582
496157228
3309882237
3309637335
3295319127
3218377617
3309250791
3310083364
2945112383
3292191395
3308764229
3309957713
3309925493
3299243927
2853451541
3309960712
2451900817
2787056808
3309837340
3226681877
3307236737
3074878175
2724755834
3307562637
3307606985
3307246389
3308829839
3305034885
3309502353
3303131680
3173282267
2708563523
3307307009
224432369
3309494573
3070239489
3309527206
3294303580
3236198190
2906836709
3040016555
2836697184
3300553197
3254533858
3305067257
3309120293
3308819003
2980580997
3091407263
2657128885
3241982482
3306721115
3300509931
3309065842
3308943353
3178142638
3306296799
1563317227
3153095639
3299530011
3249475655
2605936880
3307666240
3299962311
3308694903
3307830719
3001820471
3308678993
3308725552
3030230554
3236243466
3154027223
500255155
3308498103
3233725350
3095027595
1216031090
3178338653
2718022938
3170820449
3307489294
3308232406
2916795232
3308294950
3124888246
3129874210
3098184550
245430347
887857766
3035699434
3090429388
3307314873
615629282
3305162559
2993272901
2905880614
2433758407
1305799884
2663698722
3235492225
3307671454
3233746584
1276139198
2975217979
2905794365
3294215932
319244435
3304810307
3234593113
2939958567
3090864978
3242924866
3294243261
3300789737
3065069357
3245158275
3085262968
3307339852
3031822479
3299915937
985706280
3234451664
3164048602
2768255104
3232217949
127324114
3306349515
3279527397
3304317887
3306818141
1498062157
2911630991
1551528968
3295293323
3177983111
3303403655
2560633496
3234541118
3177099101
3298505122
2425964339
2898605404
3301919896
3234503029
3241177522
3084400198
3178084420
1240116650
3304139459
3234218028
3224660693
3306066645
3234145375
3054630694
3299360597
3288916943
3294701189
3131138837
3128534665
3013439591
3306185673
1865854422
1442262469
2290064150
3137306297
3233684556
2920645607
2428253040
3063394921
3140408115
3229191388
3019940151
2424211321
3181450437
3306528305
621634727
3250034687
3169096088
3172672691
3306051286
3306310132
3306196659
950248484
3038118568
3209755671
3141115233
2832234292
3232981866
3129694299
3300711029
3008112472
3306172252
3154102647
3295611539
3305087097
3165053003
2500489061
3297402706
2848773831
2349007645
3303392625
3302097863
3305860947
3305901113
3294347783
2964394684
3166135479
3305748009
3154223992
3305836360
3300906161
3130739781
3294591753
3303993969
3305654674
3305588993
3305539277
826105130
3091489503
3156251414
3166615457
3305121657
3304069863
171270312
3305180578
2385590827
393712925
2946268444
3079105981
3237329063
2575311042
3305192326
3188540445
3304948337
2207194274
3304936678
3022698725
3304379248
3297010384
3304945293
3304166705
3304930517
3233462145
3304100505
3304707989
3304845880
3303984555
3198947451
3303773122
3304637409
3230292561
3303798699
3302957589
3304528821
3297234441
3233873583
3229751128
2750283849
2897005786
3303485104
3304245467
3003883937
3293496665
2907331631
2850428028
1422078756
718044018
3294706031
3304149058
3092650492
3222315305
3299970351
3303717773
3298545244
3304100836
3208827640
3303916306
3109357258
3302328424
3134619917
3256959459
3232120462
3295451727
2776748741
3131205418
3300094169
3303851933
3045209087
3303831449
3226361955
3300615935
3208962963
1566796429
309108223
3083003673
3287990421
3303456803
3160887153
3246845477
3248839384
1730111070
3174185655
3297384952
3225915021
3092743733
2984446943
3074233109
2408043717
3253916296
2931192460
3300874300
3004385092
3087606309
3165508869
3283568734
3228636803
3204464162
3303299212
3019944459
3263736472
2397968914
3263347055
3254904304
3207494314
3263155917
2282786712
317061333
3224943022
3262158538
3246910953
3262114161
3258229840
3066268917
3246168723
3261769277
3259333769
3258825736
3258812675
2365868760
3013743761
3020622040
3171855358
3260253609
1315868690
3259025349
2879285717
2497342567
3160803772
3144888214
276675707
3228614553
3252761115
184236475
3245617558
3151630109
3188902013
3257597200
3258384225
3181342637
2749695516
3174423681
3248370118
3248101353
2808304294
3144420153
3242891573
3257109855
1241824988
3254760124
3254675583
591089326
2866804557
3234181179
3255131177
350351271
3097091650
3131067676
2991097877
3257738609
3257433261
2831931308
3253696239
2800471157
3231672622
2759473868
3001973052
2831643785
3232156175
3234351261
332644402
3256910308
3015562725
3073945872
2990284737
3256577733
3087471261
2248715727
3132090447
3256250302
3256202807
3255281069
3253805728
3002594596
2796402537
3254724459
2938769415
3231275609
3254814723
3135419550
3244301945
3254755499
3254746971
3254708229
3245135914
1132482852
305967322
2492290704
3208808745
2783347594
3239812425
3158167584
3070615905
2974105895
3031149461
3247876137
3239597230
3149536354
3254732921
3229023778
2790068464
3027434649
3054967073
2743044288
3135622342
2767448659
3161635931
2723744591
3012535917
3178085806
3009061299
3254778604
2923682937
2698535224
1387053422
2976712275
3029037359
3135077963
1934124270
3249133293
1966677054
3252914379
3054422319
3063754227
3239753601
1653007952
3138614788
3135319223
3071014642
2479145059
3240669453
3219312801
2554684792
3237729779
3252580630
3026033921
149577557
3239743000
3254315554
3100152130
2667233924
515858719
2750576891
2546654228
3225132789
3246265996
3247740917
3252657833
3253015743
3101562365
3250209274
2409961686
2484669733
3219050278
3154137479
2968324985
3021546718
3252935140
3229568884
3252851279
3252885208
3191947941
3108628745
1597063724
2790139481
1552170607
3103137687
3252775834
2961632133
300351202
3232680161
2584906390
2578913344
1340546730
2539673795
3233854930
3019025386
3251887731
3252205013
3251390891
3098564095
3252126827
2396790576
3215045601
1456370101
3172885709
2709380384
3188440773
3251742886
3243948107
2840706671
3251512857
3046772928
3240930929
3058649419
3031201155
3250064475
1605285728
3165531213
3249710266
3249515463
3103164826
3245709363
3246071495
2882345113
385287947
3249411231
3249356043
2362828494
3249307054
3116285283
3149596841
3181253224
3058822587
2997271936
3192398675
2809789981
3249049198
3248824575
2850614535
1559237460
3065241273
3199278093
3248761559
3239581295
3246643311
3187814687
275235504
735620323
3218807889
3243853306
3248513243
3247121597
3247945624
2792852657
3219582005
3184042475
3247168437
2874099346
3248041127
2976308283
3248123207
3245003752
3246802275
136104925
3239850670
3097289704
3165386320
3248120237
797524020
3189211099
2367596238
3187232427
3247698652
2996434305
3225764602
3012629429
3247157933
3188099183
2991353158
338576042
3043325535
3246988205
3064105463
3173752413
3140895022
3246986729
2620223860
856825795
226273061
490873743
3246832109
3234093185
3188733411
3244230052
3241892842
3246558393
3224968360
3244134172
2994567521
3207543321
2719795402
3246377927
3245785906
2704893222
2882946322
438778593
3234959458
3060161201
3227255962
3191609838
3245675878
3185423218
3241924138
3098028257
3153555645
3245611233
3239640387
3063703505
3245652359
2725964325
3245255781
2836895374
3229012677
3045302061
422185200
451763805
3137816755
2833063467
3245446660
3089323318
3129452313
3183493486
1852999290
3187891395
3245078674
3188491053
2789871567
3102844425
3245102075
3227491858
222337550
3024227841
3120604748
2920329359
3138840496
3242303331
3244984961
2248564918
3210146783
3244929299
3232022139
2987130605
3228453867
3226503249
3239676729
3243827943
3243659937
2977653160
2844473415
3022650562
3196795252
3190201909
3142397525
3082401144
3244264371
2559532834
3048472933
887735467
2893874177
2827445818
3244100775
3149494115
3244130080
3244088302
3225344752
2911163549
3048872632
2531017710
3243770549
3243796415
3243728409
3243755051
3239607106
3243746734
3233656084
3242720895
3128219689
2946286096
2661560528
2533077205
3128047460
3173818258
3236841261
3067226009
2830502230
3197960932
3243519185
2750157749
3242694004
3217107994
3234187431
3023311607
3243398332
3189154253
3237074957
3242714224
1055340128
3239354969
3242830809
159156296
3240858995
3214619547
2435988420
3091729877
2896469170
846183577
3053424695
3242765200
2222571043
2699140386
3142477703
3203251953
2986396949
3242450091
3158199651
1942561016
3242474344
3198575933
3188947856
3101836738
3241360384
3242261488
3240923087
2982600814
3228453183
3071387063
3075565937
3022219397
3028940885
2885668941
3241897491
3242013838
3241937236
3082155778
3227509877
3241724415
3240409181
3241275964
3225610421
1705191379
3241411173
3241418309
2661236540
3047441003
3241301673
2763632807
3237765730
3160624145
3241283043
2842705515
3149994023
3065755700
3096246448
3241211891
1311635040
414924811
2431331503
3241089213
3241175104
3008865857
3119355021
2698012538
3234710441
3126676288
3123064238
2425844400
3240619223
2411731292
3237688264
3158841275
3240895181
3240804220
3082854217
3239229232
2591030890
3240689783
3206313131
3240544894
876638528
3240459022
3179831319
3121001397
3234573587
2757481786
3028369892
3239597140
3011696613
2979824847
187015094
573915355
3239448154
3021198946
624901123
3179924462
1633711711
3239807218
3137854472
3103214949
3097833118
3196496079
3022311263
1043980591
3229047052
2884890437
3222861477
2959538548
3239442347
1702329164
3188661988
3238982123
463230793
3222285969
3236274141
1872370844
3226298770
3214275539
3239215671
3082572419
3239127083
3195083710
3120317643
3239176498
3239085573
3239010370
3239069081
3239105321
3225669275
3237147891
2740209911
2946457535
3238857034
2802059152
2981100333
2392851243
3238182166
3112701755
3209156662
3045053878
3229673861
188552939
3237717093
2683268726
3203135573
2548451937
579055732
3232369594
3237329691
2837726901
3237368363
825141120
3237198238
3106479585
3237160780
3236974263
3236193406
3188453638
3207408448
2772213485
2784161021
1713930464
3228507730
3227474116
3054623591
3236451449
3236215491
2499499748
3221907778
3236315955
3224868831
3012695961
3149261177
2484411217
3228142359
3195279675
1614292885
2883415324
3185410629
1578135114
233947671
3233798493
467847521
3053051909
3225475575
1060898694
3209316712
2573177571
3229608298
2984208899
3234623566
3219672646
2289046013
3209662743
3234500044
3234440734
3227464024
3218999475
3192464704
3234108447
3149036923
2546620194
3013294599
3234318029
2395195237
3234327760
3022615041
3234103954
3234049917
3234092217
3227496045
3233687913
3091391343
2163251635
3144495009
3192228376
3131184322
3134714529
3126420433
3132754730
1643728182
2865081317
3154442333
2610420534
2258237120
3226821027
3233464745
3224257703
2322524239
3077706951
3046688511
2663899052
743756882
3220315996
170291891
3133048129
3232574793
1877772630
2467243280
2590707834
2793799886
3232389635
2728437923
3207582551
3210530644
3228248541
3141587050
3210142817
2272231460
1903830450
3231273615
177663328
3047211224
2985134032
3232140783
3130780521
3161665827
3232005591
3231961433
3225467831
3226697830
3231955144
618717408
3229472279
3207713206
566679407
715091432
2979764799
3231701014
3208406547
3229164460
3231491597
3231330647
3107915670
3225728962
3229246467
3230900577
2251227343
3185721777
3188449185
3222370005
3218627207
3228620656
3207477137
3054457497
3218485811
3230838382
3230901429
3060530851
3230856753
3192017243
632269178
3230729193
3026862197
3226320059
2995213716
3230413503
3074812515
3065634370
3230262891
3229891797
3218521606
3222661660
3229788993
212042965
3090312741
537580676
2815014594
3092171062
3082942386
3129975195
394972235
2977095671
3138343055
3229537829
2702532624
3122466081
2787094530
3092529172
2731266635
3184105648
3194975589
3181522209
3229329917
3223302549
2995138503
2724865872
3221212371
3229097945
1350694326
3226658638
3229050453
342947661
1395622663
2555684632
3228597483
3229050221
3208002460
431919373
358595787
3148492587
3225276629
2967546333
3228830871
3157280633
3228740691
3228726779
2957136591
2810738019
2752949305
2347734877
3228621003
3201946845
3228501951
2966162885
3228602272
569345741
2722582207
3226676231
2777533435
2714658405
2159262697
2784216632
3207656062
2646244039
3228407337
2476109844
1257331477
3227445461
3092121075
3228198016
3227616363
3227638449
3227614059
3226686917
2550735736
3226182701
3227426559
3068729843
3227516879
3214627150
3068888543
3001262901
2941989939
3211873972
3053362604
3178321223
3227038515
3202451009
1419827791
3190624509
2984760026
3188763911
3225645472
3225864785
2473103210
3226935815
1334139421
3053732869
3119692348
3226552109
3102240339
3138108081
3227174231
3115844073
3227201806
1695204757
3227144716
3022554291
3041838303
3109006522
3072186818
3050573210
2936092492
3156021527
2638180771
3226936479
1428928735
3209909975
3060238768
3102375011
3163754584
2988301497
3126762957
3226713735
1263035712
3218894116
3191788839
3219510711
3134570523
3226682795
2936458859
3226630431
3210466223
3132892423
2300300462
2806211265
435277089
3183411598
2949803043
2875835738
3218298003
2885954212
3222476303
3165501315
3130742847
230925619
2301836996
3109206185
3068686757
3070939943
3226253489
3195508611
3226192191
3225015443
3222993886
3222024833
2842304086
3094932010
1723607516
3222292768
3190064967
3226059538
3226034152
3226009162
3025935233
724866690
2281678663
3225938584
3178207534
3090625290
3066131542
2528767844
3222317591
1636019808
3102258527
3112468930
3222057928
2907765346
3222208750
3087562189
1515113964
3025804156
1263327770
3040309117
1330111980
3207703060
3093698087
3225653783
3225647213
3225628799
2816150094
3180888137
3154968087
3196505117
3222768262
3225547157
3225529889
2542020061
1201597141
2268665975
3225476164
172106405
2985998205
3202290347
499273830
2563385180
1526411394
3206688041
2582957984
3147950717
3181401586
3225247061
3134937689
2858013796
3225155325
3225223883
3116239491
2851669557
266821049
3222389295
3225023243
1703981533
3159798027
3119238093
3068213668
3224996003
3177306479
3225103893
3214719947
3222228279
2896777005
3225080530
1620741380
2530929096
2483258042
3052917562
3224707379
346749772
3223197772
3112515375
3048006898
3174246627
3222635668
1460805301
3171179810
3010626879
3189166673
2495979521
3176633803
3190382333
2736312289
3180595844
3224333543
3178206767
3221594481
3223440160
3123659609
2192980643
1388203471
1116742549
3223141150
2887456468
3090769676
3202721691
2329502954
3135674199
3177539194
3222761111
3181034265
1658907176
3218879974
2962958614
3222703360
3217762708
3209082407
3131701180
3222127762
2981718604
3179988062
358088380
3217262571
3179927570
3158192724
3222275854
2947204785
3175852665
2380496862
3202337950
3222280707
3167029565
215619814
3091833790
3202962928
3018483659
2372661794
3115281562
3194528637
3222216869
2984255992
3222156748
3037422575
3196109615
2314086684
1563461204
3221861265
3051779200
3164338631
3218110821
2930422282
3220159600
3184221315
190070935
3209913651
3218465050
3210381808
3041345595
3221537847
3221494540
3078084358
3221555993
3219209085
2334458215
3073277938
3023628869
2747816933
3219436264
3188973766
3221237062
3218337448
3197651391
3220951438
3098184610
3011543278
604043047
628965764
3206833419
3220127097
2993281553
2346048652
3124674041
3177659841
3080498416
3218035067
3202998339
3091525054
3219638781
1482729031
3178488549
3124686089
3078725793
3219660995
3210488697
3138376397
3205825089
3187195809
2482901208
3135575920
3219451281
3156744571
3003502858
1630802136
3208497929
3219354281
3219252993
272977000
2488496300
3218956839
3033713332
3178603478
1466116158
2909526203
3218842787
3199113879
3002461066
3218644557
3218821702
2998444942
3137916960
3155513393
1915126706
2590708045
3206901268
3217868332
2342923436
3107766773
1638465260
627776361
3099945802
3218383714
3122288146
3218445964
3153849711
3218232579
3218234189
3214753289
3215285848
3077906535
3215084685
3122200707
3105222972
3121844416
3217942301
3217830239
2342431915
3184389411
3217578699
3153133311
3215144679
3064542809
3076280230
3217363360
3217495042
3214572275
3217415789
1621302182
3206962959
2707330033
3216908350
3214614183
3216688775
2460829693
2995009619
3076640302
3215182701
3193026280
3215236751
3215230431
3060587062
961319324
2724061537
2986664543
2915130148
537400332
3214638549
3094588337
3201761355
163204173
1803448574
3208767017
3214715980
3010855972
1631819898
3214711629
3154438889
1877278136
3116398354
3084642663
2963561074
3174210287
3214696660
2658548822
1411520868
3073825245
2981171555
3023949142
3195636255
3066142366
3187757020
2720031703
715037156
3184814373
3214531433
3214566874
3129379312
3203377612
2937362752
3214523104
3208637392
3208313769
3199948313
3209484689
3214084738
3044335517
1318113144
2730535879
3211240847
2169786504
2975436015
3210979690
3212625190
3210795100
3190201144
3212720085
3208711973
3209451951
3212045332
3211452081
2873701942
3027560249
3035618513
3135763061
3193629910
2236151142
3076490074
2612394890
3145692142
3208213851
3210694869
3210705958
1405681962
3210364217
3198310223
3210560674
2941676758
3177169950
3210382241
3130221754
3172975525
3129528347
3208018191
3018896242
2375925481
2930972547
3207638848
3152958677
3209910053
3209657319
2962596233
3209880724
3192415503
3208017406
3209644377
3209353371
974675077
2478672547
3208495870
2957228331
3207530908
3208955865
3043583686
2651334545
2935828325
3209017576
2494276957
539644349
3192122241
1864530090
2909470735
3109361295
3195738363
3109378444
2983512321
3207564609
617665564
3093615839
3208602485
2886073103
2385748501
3207517287
3167634117
3208468769
3191208575
2936656931
2827654955
3004183773
3025794483
3201985396
3192740225
3035914493
2213477130
3208054463
3208272958
2214688530
3065712089
3157702678
2939566007
3056942981
3178507126
3109483948
2764708809
3175570717
2927534645
3158448743
3192503566
3206764053
1290719707
3204034486
3054461782
965166758
3202258480
3207691475
3002737264
3174851483
2990230031
3207529936
3187401627
3167697286
3199417203
3174227275
2966048619
3049709996
2586471266
2271026707
2505619112
2367779064
3195349846
3172270153
3168018854
3207527151
3006371523
3190563851
3061891363
3199891077
3031773663
2329365001
2982904936
3138444549
3178099887
2966734937
2211251475
207054196
3207578782
3191302995
3085254658
3207482073
3202097813
1395799087
3180748107
3134148416
1586890411
3173055032
3016175644
3127499271
3207384471
3063694325
3207269783
3178052218
3130753691
3127459066
2891368095
3207355539
3207332235
3198059013
2387821046
3130352975
3207086427
3162001749
3207031671
3206945753
3135618001
3207018749
3206050684
3063588113
3002517790
3187642659
2934276395
3171678573
3206684117
2597078059
3188412507
3200528447
3044209083
3206545696
3125225355
2997069694
2239612315
3001355152
2678449987
2586263755
2999963526
3010794638
1342066471
3188391897
2917731082
3134031813
3202969145
2687980422
1658408647
3205330828
3064484981
3205307663
3201880721
3181566875
3203102446
3021575135
2451766111
3199923369
3177022755
2240934108
3184004781
3183911415
3154755574
3178248059
1718268924
3202777019
3203191649
1496652259
3171227802
3184953905
2642859802
3131155731
3192955797
3091256779
2933699183
231260982
3202489535
3199359904
3190703271
3202549451
3171282246
3130393886
3060383565
3151472469
3099018797
2968578045
3173477236
3038301465
3202435065
3044774974
3161249333
3008115052
3025795630
3142075643
3188486841
3181499219
3202413676
3090045315
3202299393
2331227484
3024246669
3178112667
578569036
3202296214
3199914189
2954180883
276021307
2266425889
2980422969
3153603521
3196327396
2751860530
3180260428
3202231240
3193013915
1368432745
3022374567
3177573455
3202026298
2659810308
1921445720
3199385361
3165425657
3201817395
493426827
3178524617
2982634413
2982098829
3131172425
2969490431
1494109447
3201517137
3193211199
3127704082
3201099957
3201776308
3191493917
3188753703
2891435119
3177405772
3201487499
3201403143
3196181315
3201435167
3201066665
3201282429
3188992672
3109053195
3124347685
3150224946
3099471358
2862599632
3174346029
2881479591
3080887712
3189266219
2787992930
2749530833
174000233
3039982312
449288186
3144136749
3192947284
3199994129
3085782203
3197781137
3185731077
3169606687
3194829778
3199907795
3191933021
534461483
3199533089
3199540637
3160956262
3091862483
2582443570
2654047098
2699071926
3135752699
3199218515
3173757911
3199161783
145816039
3188509191
3195832336
3091754651
3177813773
1710454550
3121247151
2784643821
3115281201
2345240904
3192791607
2571794936
2860493215
2540594509
3198371073
3194450477
3198480317
1558942016
3170252925
3084641308
2645662521
2932480277
3196664093
3198340383
3195915537
3065981165
3198317553
3174542987
3072983692
3196264331
1517288221
2552673144
3197726721
3187419947
3193100230
3196916128
2360127847
3102713296
2873793047
2854776875
2580142587
2865795515
3190636827
2981993531
3175002393
2788378853
3148637416
3191800883
3183443823
2998908389
3174214055
3010699995
2733945117
3165457720
2759797304
3180519899
3195962391
3077776692
2945085485
3174568846
3196506850
2164221918
2823339949
3196421290
2796486315
3196238727
3193214417
3134311401
3196297173
2990489985
3192979029
3152987453
3048329159
3188423049
946338336
3188672985
3092493412
2569673449
3028887119
2790482722
3120455663
3077171556
3196229165
2859340817
3195722122
2348869498
3066407884
3157911621
2364416330
2275139292
3158116618
3013588995
3188475694
2317133731
816458971
2521830189
3195909221
3095016187
2442300871
3195664823
3106259344
3188163423
3195533991
3183545207
3195331793
553913142
3161119444
3001729757
2953500641
2986431899
3188831176
3195010197
3188735991
2307556825
3194880286
2536328007
3158168645
3194612909
3135386343
3187283093
1463629040
3179416107
3191653750
3189396023
3191807537
3028595895
3193311951
3193064494
2617820041
2746804875
2198674790
175501818
3192693209
967291591
3121154541
3188363493
3078430053
2544117811
2799137976
3193118267
1322923669
842274812
2942552639
3184611867
3141941554
3180738177
3044386881
3192942765
3181454501
1107850808
3178131203
3178230353
3167477615
3189004433
3084608811
3032084960
3006583373
2832384341
3192788513
3154404104
3173817413
3105645562
3105501964
2963075578
3056441722
2470238229
253218230
155761833
3037874747
3178155135
3192592433
1634370259
3192588011
3174277667
1638935755
3188644835
2961323753
3066478299
2951381187
2477173614
3192138315
3192444917
3118871223
2261652859
3120495555
2804763881
3188814837
3174434309
3188905018
3184298001
3154456920
3192299572
3174071421
3186804904
3191752943
3050250094
3191972565
3130349471
3176701731
3192038338
2575817698
3188907316
3191428983
270479098
2748896540
3191676316
3049647409
3089905726
3190934734
3185094346
3091111872
3180565157
603925962
2999800476
3191455673
3191035347
3065007137
3153130768
1606843614
3190763037
143139537
3190954683
268928492
3190912463
1416682304
2986194298
3189071847
3188232730
2901537382
3174398566
3125545815
3165973283
3130672919
1408367293
3181735565
3111684477
2898251369
583472287
3188782115
3180150891
2157130999
1514206058
438176844
3181823429
3189087940
3039976275
3188845095
3178630600
2968261125
3180426873
3187687233
3188978038
3188906129
524508466
3185073622
3189014428
3189004264
3163601080
1630922012
3188934347
3188773751
3188957974
2398420610
3070830682
3188685845
2692658152
2891358646
3188793753
3188850053
3133026032
1365178514
2789637328
3142309709
3014983426
2986412667
3073680946
3173610005
611330858
3188556209
3166278364
2845954761
3177587704
3188446797
586109353
2715087725
3188138445
3158303125
3154678791
3022014287
1340370584
3188300975
3022258725
2562093422
3188511029
1241136996
3174051341
3188451033
3139096642
3177968757
1636808083
3068233233
3188364429
1567080126
3178235519
3152616543
2687347587
3170957367
3066032507
2468485441
3128292182
2763554393
3188306631
3100039774
3082087268
3188184893
3180857453
2991123028
3132979140
2397222062
3009962283
3185180561
3184144773
3131854408
2346146610
3188096117
3154286021
3142038537
3060428765
3180946150
3187285582
1112876538
3016107137
2826962809
1626842329
3187518076
1533835586
3187394609
3187110927
2640562726
1311278808
3137639154
3186954700
2875940873
3173658299
3186890182
3186872812
3178337249
3153144797
3186325967
2434714998
3181757265
3130062563
1575566774
3185898699
3175023909
278201554
2973467637
3149127887
3148743897
3030184818
3179971569
2751790469
3109378323
2975352838
2157428126
3174737116
517174621
3177410842
2768291817
3092207135
2540224028
3128934899
3185019688
1886418818
3184957019
3101454322
2980166146
2985709259
3180887440
3083540300
2593593924
2606079336
3111572950
3128066512
3173275738
3183215657
2433852358
3110626180
1604406781
3184026993
3136282344
3183818020
3061726782
3180420328
3180238515
3141191853
1868458159
3167779425
1924307030
81660074
2891392213
3183576082
3179824025
3181173022
3092421970
3121303565
3183515531
3177706877
3156622319
3177484349
3179900307
2781858197
2590125386
3183276581
3101928237
3148208579
3145766703
3152558399
3182981693
2515526291
3181292789
3178158383
394572464
3178844115
3071725192
1367046854
3108887912
3161656282
3180276244
3181845142
3179839180
3180326560
3177579275
3028159998
3181506099
626785553
2743252719
2914864851
3105928606
3047271134
3181528846
3180637221
3179504825
3131773690
3065848486
3181441444
2710580204
3177725026
1194749478
3181284855
3178076793
3181317808
3181242345
3181295488
3181237823
3181238777
3116145257
3181257454
3181121189
2335936926
3176892975
3174278489
3028236941
3083141194
1259907985
3173696027
2818790972
3180996545
3180850485
3037212760
3142143166
2823063824
460177974
3174330273
2983246265
3027214900
3180519099
1392957277
3154195420
3179873135
3018931618
3180370319
2987737678
3153137944
3177810339
3157869653
3180122211
921637892
3169866580
3089530114
3180069178
3138306999
2577526675
3122717217
3178029569
3050103288
3178054071
2813789893
3179822709
2457996891
3179455235
3179862573
3178144805
3179751382
2831054995
3179759411
3179667357
3166430847
3006195279
2981151693
2822963283
3174419375
3178318409
2874946428
3033721299
1864592359
3179397183
3178506250
3176390074
3121124811
3177103455
3161081337
2931865576
611314327
3091394039
3175505146
3138755657
3178571253
3159628421
412711768
3178556157
3178541435
3176861705
2709485420
1561689078
2721989360
2991183814
3037321540
2566396306
2713295423
2315954971
3174407907
3177994263
2974787285
3172800923
1722871074
885371797
3178057113
3004148269
2902906443
3178387582
3174393401
3100663924
2993007220
170322350
3131461121
3174736660
2707234944
3155052400
3040670836
3178286807
3178136537
3178270977
3158176085
3174403187
3178156853
3050725117
3167540902
3032017307
3027551129
2979805241
3036663951
2822282290
3153405307
3127270726
3177151492
3178092935
3161556216
2848300781
1347423319
2945228992
2171142057
849638640
3178085368
2890235701
2197770769
3178037385
3089681539
2886502481
2825204190
3177990339
2209720747
3097844199
1621313958
3131980480
337578645
2937473854
3177981563
3072644037
3108758050
3070229969
3177860499
3154311399
3177886853
3176593587
1944534307
3175309456
2872774259
3123302618
2775572850
3177789899
3176576067
3177752866
3078851179
3142352595
3026961009
3177585455
3063657052
3137596087
3122417555
3072120264
2953930629
3107634057
2922073161
3177379235
475935963
3170500486
996242340
3177205361
3131196173
2940157671
3177166599
3090070769
3173791467
2806541213
3174810760
2813916152
3176839323
3075054826
3173286827
3174081401
3176697143
3174168935
3166743454
2830569113
2297957583
2832836619
3160448005
3174412679
3174128205
2512055973
3048586608
3174093939
3146904829
2999811800
3070643747
453678729
3174863962
3158259136
2882044726
3006831509
3174774292
3074029853
3154744181
3174643203
3154380452
2959770365
3174504269
3174412042
3174582203
3100480907
1688596244
3146154052
3100264256
3174467872
2580843426
3135576447
3174368637
2483996203
3154827418
3160188930
2845493076
3065771679
3174271553
1952571709
3148691671
3082738005
2923513522
3138729321
1500093666
3137548127
3056340562
2985731872
3077550786
3101932367
3174128045
3174192749
3165310425
2932055170
3174121481
2518993664
2194365457
2825253311
1438786884
1884536834
3149116281
343783012
3152298095
3173778201
3173863000
3015067743
2419453896
1228647991
3111049218
3077635469
3078674115
2932491166
3173360727
3135470649
3084613390
3124028065
3173080102
3077918843
3173186350
3167433051
3173102464
3173089138
3154921145
3171778865
3158797765
3154260490
3026436483
308723713
3009160347
3168159509
3156912890
3017809139
3142113581
3166540515
3044148808
3167474764
3034702439
2847560619
2975675655
3027347529
3166603713
3080218875
3095550179
3029122649
2585030732
3171389729
3130041567
3109329333
3044118538
3050795172
3158175608
2907734553
3135213809
2998219685
3157773631
2539626061
2988595485
1152610118
3170397071
3078284376
3056440564
3151057647
1529418818
3119511868
3153558477
3119607677
535910775
3124477810
3170268815
874107510
3164574255
3154763624
876030042
1470948206
3167928677
173137034
2696944732
3165577851
3168235973
2743803598
3069014549
2938926945
1090144574
3102222019
1424046984
3029280688
3167931286
3167836816
2324839484
3167595700
3064288906
3166793512
3166881635
1932844789
3167311203
3167282625
3118424691
3167326829
3128344853
2998781295
3015201479
430297889
3084291801
3123914151
1384887577
3131190107
3149461756
3003818067
3143770360
3051598712
2927177506
3148319957
1611775501
3080412611
2998513209
3087472162
3013950149
1954846134
1700551364
3057655910
2993378001
2508910461
576701364
2526177156
148192214
3161932078
3153609536
3157247411
3106575767
3154316012
3140618086
2797652072
3060483731
3026508179
3156875955
3154959217
3165038235
3161668385
3165026051
3165494559
2942698732
353402273
3073262585
2813818633
3137652171
2303774424
3164899961
1123235784
3085533371
594994788
1421457337
2471465064
2483772643
2550545719
2980801634
3092379233
3163493427
3043752513
3152650175
3162027783
1973421625
3153521659
3066080831
3152679869
3165112984
3153424700
1686642686
3165148205
3165099622
3164369567
3164908883
1371012631
1876364828
3148461177
3164301537
2749409351
3126535719
2975332985
3131555787
2749067222
3140911989
3154013157
427111502
3114654713
2855553203
3161394441
1718016944
3161055100
2984354273
2762391015
1276342831
3161738368
3090457353
1083973603
2263077287
2929369215
3145643831
3161533570
2996093434
3157399132
2722570016
3158742124
3010892645
3130005405
3161374858
1964977640
3102257073
2981399950
3099243039
3039404177
3006361067
2756781962
613285836
3160979163
2923853589
3139002711
3003917944
3160355373
2968447397
3160857640
3160754561
3158207890
2421032432
3105761945
1729474206
3159885333
2925487378
2683222273
2969630464
3159417423
3145188029
2477140307
2844548948
3128013179
817935589
3158445310
3112317076
3158155864
415820600
3008293520
3157415151
3158038786
3156134361
3078342039
3021418599
3142858480
3156902723
3157873144
2516081737
2991501202
489013959
3157531936
3147997402
3157802140
3157713023
3025339180
3030727509
3110322209
329318771
2889396525
2983159835
3154049469
3103061159
3157344815
3157288997
3054752464
3121991218
3100901602
3075862330
3156741885
3146242637
3138510520
3127880338
196411897
1385469992
3036722573
3156304180
3060320551
3156308157
3110762055
3135209794
2932464147
3156045843
3153483735
3146799592
2937952557
3120756791
3155139095
2467889314
3047794499
3045861478
3007156972
3142138726
3122471886
2555222540
1040636868
970634155
3154905837
3095025640
3131792561
3126621803
3148800806
3129504419
3147498901
2874063106
257504580
3035516223
3121504771
3154705943
2236874110
3138655845
3148648238
3080534944
2988706193
3076140317
274566205
3154654359
3154595913
2932406349
3149557750
1443956010
2932304194
1320695658
3145064177
3153946492
3154335417
3058353426
3033834040
3060683411
3092449683
322616522
3118469244
3064905075
3154035460
3154148363
3008200487
3026529064
3153720071
3126606808
3097331295
2305378015
2386045392
3146197408
3152420920
3153265811
2998818841
3148210921
991507748
3153672971
3151378061
3095043527
3134872744
464127613
3074694298
3147539989
2956142464
3107899151
2807614081
3153336058
1491547356
2885808531
2469312588
623511549
3146814871
2972251085
3137218836
3149454347
2828423498
3119825116
3151248982
2688530506
3152964867
2602146751
2545903959
2540588706
1723179235
3044599449
3054177667
3148517631
3124827958
3152665114
399423593
3152803198
3149974343
2884540240
1866047330
3152501009
3149991089
3143886755
3152357301
3152258590
3126338319
3150228706
2211510652
3047137241
997453518
3131350329
3152065947
3132372457
3072740889
3031649590
3068224218
2257077479
2402312095
3127778133
3068719156
3142393613
3132048352
1957067942
3093944060
3010921371
3077872996
3149898651
3137533274
3149731077
1847565847
3149711411
3146005791
3100551005
2795315354
3149632936
3149600351
3147626033
1975059601
3115774029
3056060218
3028778825
2641303044
2872285816
2850641355
3084824709
2544098071
3138964150
3106165510
248795731
2964155242
190452866
3149192842
2885733197
3002527466
3066070865
2646833706
292412286
2893800328
3148653851
3131463023
3121213604
3148507912
3148325061
3071294836
3147830631
3124167684
3148076332
3146300043
314596493
3145689611
3146238215
3128975105
3146090829
3128158784
3033818705
3146067525
1293566022
565219236
1050970464
3142715458
3050934959
541047981
2598550327
2312614214
3108041667
3146070082
2942771151
3138698398
2810135315
3133733737
3142646933
3067742889
3136567724
2798971390
941016864
3131727797
3091468162
3135754949
3138456832
3067718836
3109000083
760161296
2902383006
3145504318
3142484951
1363435532
3028764849
1593866196
3063804862
3120221252
3128959687
3043867211
2740182329
3144986099
3141971812
3121858494
3131500750
3144689014
3031611196
3143944437
3091514663
2997226875
1748873515
