914708401
746335028439744513
20724832
722362321029439489
237023889
4862001689
4846061013
2905319824
329165245
4492483163
4378938254
1902619634
1644304357
3731639056
3535957642
370384845
3124871511
32749691
294785168
3326159009
3300522819
3165218213
276629279
783648913
1921211089
150888658
311706997
584106421
2925466797
2842272497
2895520120
2891255319
2611804544
1330664371
2848232559
2836935382
2820534411
2806646673
2808743170
987043820
2761302941
475257245
2780733563
479717156
2783333842
2776775761
2774449037
2758096155
792201181
2614112790
97246034
1362169201
2667760104
2718416085
226662103
463127772
2656645593
2655632381
89597412
2607226432
163576585
2377495336
562942805
2551543007
1648539072
317923932
2361842268
948906565
231317008
259329363
132578419
2439040921
1898472769
2521773592
1687198711
148873085
357791639
45656646
2307240962
306474357
231596498
2503054293
141325497
201798080
388535102
2423284697
1945287336
192392039
67611246
143848523
142398311
348052330
772649556
2407377077
1362240769
261006203
37021853
2440435489
122201066
2472539561
620557037
2420878830
933447902
2394566292
61704226
2364313693
2349876995
2341327002
2337278898
1396312472
323773604
2243814243
143960745
2149498190
294921934
701153290
1898923362
1730483762
143897910
1676360724
189262937
1669490599
1612872739
1290075198
184566518
1014139459
1559860494
236841842
241330199
274342535
1433529906
971976758
1390095318
78015889
1337916193
1375128337
1309274893
1290952206
160539301
150005196
1281761564
111661679
1120464013
547237203
76728466
1092827718
1078294022
152325528
1081203654
475854580
142826869
430982741
954420553
952699178
195660463
858860407
176646905
177389266
224656355
604749894
559269893
756464407
601218935
454082876
743996906
738407258
637458018
615483198
543851402
95663693
232665586
401732177
595786843
593109345
581570592
149361479
186182233
578430416
355079727
545774919
150409207
146997157
65492402
133281537
73166328
534952043
144826448
292115786
519241386
51824730
499550838
495098795
490729383
472881590
187298225
396337088
123442838
397786914
266817240
153917563
284527779
75551983
325101425
148804251
318872555
251255038
294788849
275703727
142808753
204176877
257062879
154014330
185275037
172385839
241598296
161109497
168235798
215205169
103476537
