331828762
810403907125972992
810361575517417472
348052330
156637398
360567139
243733140
809877206801547266
809836761044160513
809665631842922496
313330657
375784715
809500107070701568
782698600656736257
773239666996834305
1630559844
809422740709117952
809289831973011457
807656502655741952
724445644425822208
809130898037833729
809102715133558784
487166962
808698612121214976
771549621659193345
207276162
808863991221010433
808861475636998144
311689453
2186641404
808798875461025792
4498464143
722076328904761344
3755544923
808697656507793408
808502694746918912
808374639831478274
193001658
808457651591987200
1324824540
808309644930256896
151235735
334945023
263592526
2159780340
60756715
2405454294
2504828702
2990165417
807242630451122176
807210502942314496
807197849255575552
807008279423569921
806943705525616640
131705183
2521873951
3893512577
806649793317457920
806633028344745984
171660478
806549229577633797
2853670748
806461642548592640
1686023557
4279622608
353980910
2175957194
806234547490869248
806228038279188480
2384307372
470684085
806135844448964608
714625134
233765304
758611063
157809133
805796099374141440
3048656532
4570277056
69422698
2470732303
272467193
2995050779
193029890
103354637
741604194877116416
158845201
805502915322515457
3027060379
802895896308490240
125885107
1265766445
1398365516
1921172018
2846380002
805213031370280961
191666482
804133402110787584
127650592
712417938800820224
778461548171800576
1297574460
134162073
804904743155990528
1292455711
390465025
804616217029918720
804573384247910400
621396103
157718322
340441474
597712864
804358585522286592
196765619
744494668294004737
2716713507
801147797764448256
304653985
781900165246361601
938303460
774365197922406400
93520472
1286622565
344237816
3245357069
2217035593
265628050
4885556134
155584993
796248676066848769
1263021529
85836699
802767328744181760
282164976
339265217
1166730421
304660499
2862538659
254067694
802590884550340608
799690565021335552
802431669458214913
167173894
137881158
2388335942
704166951678046208
2759503543
190735905
258151796
1461109898
418870366
775833761980309504
700311710
196769708
362172843
1535289438
2475646042
785155092
729110558595788800
416727861
587601245
801144971227238400
2327307854
944672977
177053812
145410342
162464683
331164670
166010757
1333348711
367210075
771408646429368321
1412104040
800513931055767552
799760076655525888
1314844878
276252179
800359876014673920
3128098788
4356951376
112493858
2703481096
800025977782988801
800011769896927232
242021643
799432772041445376
1413292585
799035869416062976
373039236
1495787688
799718875642347520
520023420
887716098
799660298001154048
799640064905121792
149202562
799419525628305409
327790649
2789638169
1421228682
247452003
270488816
339512111
799132724866912257
232673251
590450082
475738814
305320495
187346171
743925930264006656
798746392697020418
798718011041574917
798674731016876033
798674423972790272
924207020
201132496
363908374
797851068268851200
1401573764
1861902660
161780006
216706554
100786254
797633715161612288
797589168960442368
87174644
307614016
792415208534863873
797215083088801792
193914185
795395702054588416
797050964700266496
47384425
737116020503089152
109976545
796883669294206976
191662132
796718466002776064
1162150147
370790714
229305854
180178972
1869734965
1385787996
237554093
2535857179
554434208
414990809
211049459
795491722210017280
3051093300
706279368
298933740
350537295
230211523
189671677
792784405349687298
788377419170320385
788958005056401409
794901783952949248
336805887
193800128
794656667040411648
785291301285658624
434474126
2749792903
327090849
792016092667469824
263979419
3903115337
793858641644355585
613602044
781172577536532482
793711803360546816
282158062
286891546
309321272
793489080495566850
623327006
139057133
499492811
2524059963
4097646982
3087616635
342259495
3077787633
792568870104080385
789888034489634816
714482310226317313
4443006555
2350467598
792063659057016832
2379014526
791788836829405184
181251851
153822242
2438829407
490487606
790847334544510976
128692079
791257315823460352
791229615163465728
338136877
355867651
118887518
37145500
765641039919079424
1706430078
299745093
790718903978692608
4579944141
1867798177
2897972806
186994818
139588759
757342877659828224
790253423543349248
789956373882732545
771065273378082818
1209772472
885636134
564188620
789439907622162432
277675815
3621629536
381821509
169153122
789201918241411072
785509402367422465
2925658415
784184546568855552
788911851635695617
429595935
3041113258
149671440
788693131227201536
263722508
344416084
88069686
2458542269
71880048
787795065867530241
846216186
180567525
223322403
788249256964612096
707538416
897964656
3320392014
787001255612809217
840662052
788012410129047552
787828449754873856
263485426
787280133619064832
787587687175684096
1581773810
453131688
1332707988
3317984561
156454442
3091684905
326907022
774992194306449408
1342687982
151498214
310617512
778728437422764032
707622761745743872
786230548284833792
213371043
3224059307
793237843
239963331
2368460767
1449692484
73164408
785667637212614656
631242243
209874472
151328417
158983840
765598670079295489
785313786173554688
239604410
2908637967
34614304
444355448
622951700
766770129652834307
717132676
784672812682186753
1016420251
106427488
1380419196
2477017522
167995390
2460222551
775010195772678144
2706755976
783418777119682560
777039337
221096815
616609708
725716324278784000
226044018
783261151702425600
353605946
1556488976
462434003
135496520
3278133391
782399097940705280
1486819008
159128213
254065377
149672612
4868107312
1482911024
781996979287121922
180158689
2708594515
814451958
148971191
339201872
234997416
1852410961
199744389
730839042569474050
2908491575
73208090
359629673
224707477
266975160
4268812815
187682174
780619154575364096
1275746658
778074626580709376
848082079
1424030419
190035378
2775727073
400260006
1118430992
1078287462
167110158
1732227974
706841978139447296
3950140337
3246866957
2520647380
778950481536311296
4244147956
778712153654071296
460417117
3829123275
188931982
93209269
747625999634960384
3754670297
777937545300672512
77210412
773715561629020164
409968517
2961547990
710434738675302400
181714337
778009599752495105
767935461599817728
78150326
2169493922
777612038164082688
1285694574
2631800908
132409928
744962344783065088
1347356101
777275336820219905
275756844
726048866181779458
2421325330
2361968294
271193894
767769757286297600
116605261
618715782
146547065
122465747
770665989474320384
51839417
546428531
139888775
1611659791
752053028
776491365098221568
374003519
775520737524408320
403404057
2531442378
776162758198951936
621256955
64540990
344343778
459944967
585898261
772634671
2330936442
577433843
292637966
610504173
255123828
1475852766
626207632
714418771960668160
775401585396580352
745588563861966849
800370974
189210415
709102158118068224
775350844258746368
153276162
150960554
72333702
564138743
384563231
59263922
2402457521
583398924
723577933248495616
3124887202
766430930026266626
436334206
774443502646296576
4653231501
871569973
104958033
4444009523
298630643
311765365
227439803
2792115656
628966056
773275822740410369
1952421684
196633885
288471970
410314492
2843935576
527862400
494515716
821809963
53440462
796182194
772891591937851392
309493337
1490719274
2168349824
811766768
770436559426301952
743238223317639173
272796509
1589784277
495616949
837118135
881295528
390223900
3337495648
2983455045
1350000464
143870081
2324296958
3366258555
1422179869
770824559767515136
933411146
263830948
4093479299
394678201
708213727280107520
37891106
770464744436297732
307493365
767142517485756416
294746379
2353453783
1072733418
427128386
3201979097
156859004
3137754788
575404542
764792049199702017
591349570
1571977729
150020444
769511116116557824
2221836827
2241121190
3246471927
769358454976835584
768233929
285861930
769232246230380545
422939651
1674541290
76927341
593340893
139901345
720021668807237632
757276855
564793181
767869035669225472
3997730452
767799383291207680
457180292
199870942
736746128549531649
2180957005
741764773591842816
2363837717
1959530804
328121272
608504996
840648583
766692421820358656
767464715173916673
352473626
716994028772921344
737331486
143618679
767496900241199104
741676156823437313
256115962
715372729998917636
275115757
766995082885099520
1226621809
279153669
476011163
114497462
68545077
628774152
766092852006907905
732042530020306946
734160171010789376
187340611
2701781798
611335208
200184115
165257997
1557049891
285176818
182624137
3434952285
129199666
3579533674
266638005
585326880
815826823
764604863263178752
1354466137
109107879
707708542422269953
102516701
275256804
146240363
2813803789
1106420131
3400695310
2497453920
166723814
2273463552
2506745369
3302855332
954580399
763729874192306176
1521095550
2584571528
1292282526
579031040
288328296
4865433172
386918190
42495061
398224687
1923559705
260871775
320525431
594995368
762599806434934784
762466131365941248
370338913
760508256351584256
183324543
762691541475401729
734538717562474497
3301865398
225983990
377088623
271564766
2372754224
1627839066
126015385
762372339946225664
233650776
210850236
307669107
41347088
1897788926
761974558006120449
2355946589
2533731020
88701963
455032738
748288300704751616
761743566129471491
1048092925
126079485
255863744
731605838
316809976
308204188
42082228
720141950712680448
350967446
757633070606450688
607632470
3398870295
243432527
58100831
712027023581917185
3313413795
822271573
407674826
760246326059827200
758538468834349057
1644265826
546858433
2466025766
760273959040475138
760520893365903360
630396029
343073711
173904191
760436946611105792
136395539
337827032
3170445873
402973438
2715132466
727938873028972545
716395868300161024
4182285868
423847335
722793486777495552
307907763
726902510649266176
267995459
714836713449910274
731547464734543873
340092618
630749938
758203936943775745
1287249864
546541876
29660125
2908366353
758406744565579777
763144556
760849572
816450956
493763649
2450890820
2975847377
149140959
597662153
314090664
757701875596754944
3012511781
1669309656
1593818510
2405523319
599614259
757429610523070464
599044918
718265390921621505
753430419182391296
755232264972300288
3382645948
183862545
1869748736
1564526922
4647726087
155100477
746432387966468096
325582316
1081730688
3058373880
86067257
776993401
113379986
116600788
402384276
3016157986
755537431882002433
755454554666364929
755435701450240000
4777058193
1339829174
369736440
625124767
755176297190612992
753650684256460800
1250320034
1307497146
571247886
186947108
316241811
406464267
86836265
1149855584
3349479478
163951742
155366406
3518569228
2873299612
123612404
740633316798402560
2912230426
3221902131
427628720
2766433317
4909651331
2529639592
506706120
2467664142
752358848535621632
1179520158
753334715852189696
996471907
2650973124
474358397
4060317263
190455982
3376510833
4173735221
2171128243
406681020
750098259658547201
2432510119
716346342591827968
752565157293940736
1106505662
2750902024
2547399830
866991937
1861601383
752176200181833728
223601144
1265436295
208682991
121185005
822574578
2683384661
751785253551898624
952747538
4633329261
751488588311891968
4181606968
751267051059109888
529003599
4244714133
346721215
242437943
1072667610
2163776792
807905990
276233772
262714667
142217028
152091937
236536432
3236191728
201429898
715622573841715200
623303402
519073903
190360010
4795408302
747603467259285504
4062298667
578710218
749830018210103296
1476420672
469216038
3376097223
3294381026
2991222418
1609324465
125966570
272166549
296347006
459810963
891712237
181969202
4870892805
748640747453288448
177317945
740184750036557825
748157368085651456
2998799793
525570403
4822270299
748061106804039680
253554849
4645504095
747601046386708480
358560643
170055969
743497465236684801
747258114685140994
451107882
735920806308544512
321723863
280809066
745374276069564416
860366300
162256344
215383997
194422824
528948396
67709977
98537989
156781432
128394616
227712346
4082522596
746216176619970561
746130228892794880
4876339385
221191297
744610736979083264
717769297892884484
366296241
3606906913
730184916026064896
17548465
246458000
731092880249487361
629688249
539558578
187617564
4745188163
40722532
3292082447
139589506
3026556944
732827942955450368
392953031
1157399180
195801597
2671336464
294731111
2493547256
265549778
3041816806
171659009
89742743
701230077514752000
321702940
741826483207966720
4918188432
1176474984
743463407228174337
2373106314
729083934861107200
704365113856368640
439422394
924188887
743078146333802497
742897257897459712
1535687095
996096997
187747070
359799231
1428550722
732950078617354240
1117902074
138577049
280185779
146637197
737052266138570752
155748127
202022127
2335460058
150647555
183008742
741417393071788037
2727198153
276971860
118252742
572189375
727672147225788417
183002555
1212334560
77091864
1473073814
3231369747
1645156640
824361727
774542306
203722729
139140660
248269093
740544038307266560
740058504183095296
2858002636
3054544445
3214247823
398420981
2373873720
3138394924
740017556078133248
181974851
2916647093
4249853961
739569430288605184
2161198782
180332322
724696477294026752
723977218418987008
581233302
173284970
195407663
726083757007077376
739673943091630080
2874629261
3950959517
76109599
294594604
2780266437
174340206
32158026
711567143318528000
718921620132360192
3304207516
207357923
370064721
323547601
3884932514
140991636
144573517
586945897
3876575413
364476017
110951717
22754153
51091586
727704424429277184
51622786
726583843239673858
197179619
238689599
24430870
119163661
737839807343284224
1265918960
200324609
1416561038
2955659224
434429655
2652323986
737804595896819712
734843441444720641
349130215
810783414
596773471
2978041738
1594491944
186932321
3132579804
548716870
716987121412792320
253364322
196378255
228680533
895018880
736721917474967552
710260909231480836
903209024
2581370365
209273009
2204259398
62860803
131333272
200948037
248474045
174293001
2942939722
785424288
735319555749339136
2353665156
170392092
4525096401
726486959712034817
4786049668
346300144
2965296976
1890158250
325864392
479957029
249944214
177273625
3580133302
741803497
233777560
734033689861103616
2235396709
2400793676
716827910
97698021
321055285
607489726
2309997810
2456135540
594569299
1053410461
732736265595068420
1205603952
729404471256752130
409643025
2588122962
585397024
722968007383879680
2719732071
792247135
143893048
732167381087322112
319010124
731655392627937280
189139242
731545144890167300
2153125957
1367538390
3761150728
727932275225169921
153166929
347980814
601258571
266141429
482230346
874125728
106122817
1572900254
730523349567340544
143968528
51826447
351953069
506584298
139937512
726633565505597444
716765787931938817
709072965627936769
3290093782
92408652
393655510
2157897002
3243512945
352401461
1216916598
715181200684539907
728991197302116352
993518712
4361986462
73212520
4108918191
174373439
3291580032
728609431030747136
1732472420
289710052
390937130
1529869830
1487812321
2164688935
953675137
355462374
206956016
178901774
3332116739
315351034
436011664
136354483
2514994713
4238912206
727703344412803073
1324946462
3295918137
146252559
1972976857
164900161
2806438048
719314031341912068
262700699
173619266
4783117238
212411768
56924202
290771698
3169303950
275791985
727162346506993664
362540025
1599477763
720330393891823616
211553858
725391975206260740
718203270225883136
168316487
727132035542835201
3676251315
436325694
2227377043
3537007295
117905150
264853209
710182674942578688
346011247
726868760544595970
4179104601
726112983575875585
334392021
122095700
2995100817
954922230
753988910
726166783590289409
70829379
37101652
173668652
324135097
195396765
1098051631
4304292683
345247656
210281811
718513217224445952
450265964
122729712
282801666
120925323
251864808
828111624
126679690
152098466
96630305
3411568276
3158169554
2788968519
723203962296369152
186679142
725422611082149888
2950608711
104237595
194296939
2552914924
364237414
1242660678
2736471374
276539774
1177238724
283757222
836384750
151263238
564761871
3315254696
2249436103
2339499944
2616478237
208348739
138885471
3554392516
1382365795
382372688
87347794
724042388956688385
541158611
1558926775
723291844663238657
188125080
2191372136
293059370
2966335419
2709157149
2434399743
722929091133992960
228109811
4799166437
4584806297
724218931
1408869014
2938090469
479540317
251354024
178918333
722803560921047040
718257484620775425
701782151461806080
2637705815
721720912018599937
717459317671247873
722278614771843074
871017938
145737740
711719781368524800
124009746
857128502
721799107510210560
4323784408
716032396748046337
721418585571254272
342778910
167125082
566376419
721048830045732864
1921873862
146625045
785793930
171345171
720743722703589376
710967600537333760
3293429353
937079766
357108088
315377182
235623435
720268581137694720
715370655827406848
3762758121
150040460
720065906030821376
381016853
148969915
128908247
358262860
314920340
483457958
1513927796
153042431
1006954562
759821995
2419083420
705155396269379584
579354341
715997893182795776
357343222
719301331199127552
152751830
2369620309
1214541247
2696930123
718251443078184962
3579222736
453585154
3436347915
340389726
80923000
937857086
349386584
258530011
913887662
892053128
184114987
114066648
1049053334
128945512
333707197
718265748427247616
57197334
163044900
1041223304
87518776
53977040
600229182
222798510
717914270206451714
257242022
1287462840
182578920
2465186401
4816617623
127277937
717535618222399488
125691102
1161404672
193100553
348416589
1932799820
147933865
252843489
3329787268
702852127098605573
717201562767134721
4851791829
65984674
717131317486489602
137056044
3225623123
2323001617
4405065377
541808986
278147268
62114369
253390840
711776109591977984
177995835
320406910
715766990586134531
716368132571574272
716358807513915392
716132382257127424
123134766
3309925169
1390132406
715374680799113216
186828115
1019849047
2493698400
715672515914436609
240517124
4860032309
187328369
4896895300
174894665
81001484
1154396809
606648768
450412918
487047519
3515312206
198921428
590545680
374622608
188536452
714938529089003520
300996287
279265200
339144269
1675292346
1016394734
714826850162380800
577554665
4873844206
712428223712391170
625374141
714276590130229248
4862333383
257805794
352723677
713529339581755392
721437102
2821394832
705268312771596288
2302413211
228714548
34120955
4222645583
80977062
1388652114
712492686666821633
133117702
1385668339
711755162445094912
139180255
1581728953
171610018
251415398
227797107
278706417
359027514
2736870703
1006493036
712280882296569856
558123764
152012157
3366864807
115861661
1220108509
2390190763
2840260269
711638400311435264
3405810232
2683599252
2848021743
197480887
4471574056
2195217092
711022659736367105
195941708
426206543
1676669480
709944536219389953
449183961
218478235
3378287500
180849818
347548002
1928090149
180390269
1236637177
175192168
325215561
1315164571
308048716
350339063
709488314806616064
3313945227
4699934779
316880298
110174886
359658987
1296134076
4478821767
345706317
97352337
4833525743
708392743924592640
186503705
285249757
171887918
434412041
243720825
126095754
703365317985214468
707007972996718593
383550122
1584304370
700902044958388224
197515360
4276090101
470593028
299148291
217672703
1669077434
3370239401
104885252
1499969797
702088089448091648
846312962
222254821
4057036659
149548127
705441710747328514
390790630
3935497575
3053700244
105835013
701635742750130176
705866151952306177
2155952923
525789620
705191151251415041
705422221154582528
99535896
123036455
1416835676
1561658893
2508513932
3026310179
445337228
159348821
1419240200
707664198
700054645260075009
718877965
182443596
159280906
122548839
1865297431
550305400
704099705458925569
704091085325271040
114805925
703953382554398721
344208212
302939840
743990220
2572409201
1782597366
385666558
632363199
395093284
4699487802
703205664424861696
2468444498
113160127
374621924
4909370013
3070854724
1019798414
628390499
702296153870766081
3154018275
3792308896
702471024118513664
145029367
124307084
702535687967473664
238374966
3647283921
185280450
1601992578
111175272
104248838
274274868
2978043977
701190376187625473
602913155
89988835
73238159
185721462
412459639
120548601
3147998259
1534061198
181319421
169100865
701499251331874826
2743732143
109358909
142173137
299822040
4309276221
45077169
2286028009
1651781131
234110874
1118287068
2214998069
224368243
631977160
267271695
699052590689054721
734066684
1066333872
700460291964936192
573280057
37543894
700403306787639296
406573034
1140823094
110506969
2606047916
4923631373
754424216
564799843
4921036107
4915887260
264586438
312628783
4915301050
4579849582
171945710
247561365
4320958780
343010237
3923512457
188032637
3020809486
1388333394
4421621723
436818535
443034794
708784758
2949023908
2725560053
416575123
237071289
378878323
3027431759
72425905
1061607595
1602281786
265125317
209852859
4861543831
318136288
4875562421
4875487595
262772995
308818786
1534744622
216883288
81184671
578488757
4850228826
514489944
484907585
2711062137
2728393569
1408209492
4861550764
4517152888
1180868821
4860588069
4857791578
186924547
173615599
888000656
321832598
2982690143
4808786595
573869424
4717688619
410458374
2829247542
284106824
399120917
4846889104
2910414635
72109944
4829717332
1586662249
118818826
4020820043
269855545
4805944287
4824764795
4834917897
1688519490
4834436554
189294981
2544202920
163254534
376368738
4829319777
157397407
614454929
4784207594
2719290705
65994849
147657018
248507188
2556000684
453186787
4717068201
158396070
151515620
3310625835
938006924
4760058212
2573972215
1576493953
1127049992
2723481321
3599150602
37439354
3528212956
274090533
4789034956
1177006772
3051352781
1726757162
1596586801
3034543113
4685077363
2696887980
211190555
4739897123
1383090679
703955294
4717081223
480494875
4721177294
746705402
3036854787
229859194
3392134552
248450747
501454964
983401243
4039673699
892765932
2561491375
855217513
170507217
3219306117
73673561
4279434616
1511306336
1675451508
988818193
807112267
3190635681
179634409
4559680037
66773641
305739119
4619127676
485190724
4624073837
3495647901
1499474372
293153301
4357067484
3031546469
1069980853
3642139513
149385177
4579857617
1180739760
213947547
134341496
156448637
222829658
4562462248
366335216
4550456614
4150591479
160487614
4541927656
108941875
3043416754
3022630912
702042800
2705561939
128384985
152486507
4508162415
126742152
2990483231
197615121
3233958026
1191110737
501192671
301394575
4561304660
459366366
227798134
1120731025
431929368
1074510907
300987376
2479992618
63103228
229095543
1360886406
346843245
1365784339
733240626
283674793
391649584
4423123703
54736764
1645823322
2604202756
286548605
871600549
770820342
447120320
308696234
146442989
1704669908
137158197
176195301
136494467
905018365
209053825
4382614527
1066991077
917723696
199525000
1473371886
142098767
2148956513
20216867
204903673
468619032
407220704
152046952
159221764
68733416
2808984274
1424379866
2245140744
371410612
2490478590
181405424
277583089
2307660901
1972254870
3207948191
4182999134
366719730
3043474451
4278638782
824154865
1319319728
116822314
4165839190
504095520
291298781
266175193
743728560
2960247161
427950950
4335561161
4319663597
566224607
4347710963
3246991125
2932093654
292465938
1633930304
2574466549
612065005
179232219
129888954
164068520
546151216
2548155687
1692366336
456286696
1473424958
1528127312
154378050
2792126715
2983171006
224285589
815821614
381314977
322818716
1100150876
214968908
2343866101
4362068900
331070079
1357415112
419095636
619478111
1410945415
242512388
4068773475
3601531575
471115892
3068917324
176197936
737819016
3907344164
275276528
4256703747
56289043
451535174
1102607240
1334804312
2198561119
1481489414
131965189
2789626038
444306743
4153802601
233789548
270109824
3952355453
482097574
158097863
2444407195
237532866
780399584
498212626
3381992620
2870260699
22810452
335670745
3792639141
235622226
202000299
4021380671
2517282016
135338703
527920807
4197805215
2937015544
3351491879
498032678
145291501
155705903
4196052862
332620064
99354777
186539849
348160447
3808375635
269604748
3438443219
3405097229
1271293237
118480114
3290009670
382154640
4167529827
951686720
2590765360
114770780
296446950
193535931
2229000897
2813955649
380435778
4143125811
160291235
320496007
4087393156
2790784162
70464598
3241971621
319963170
4020358821
905012454
3341691345
2158772880
1169404321
4107715462
4100241976
1493783750
1056003864
2184751070
822004602
394190962
866396748
3796938797
208652425
110857098
790597682
178979309
574691503
72549179
3407524702
186114618
2522415281
198648727
160627014
3634551927
449973044
4056992589
3066021400
346678908
4043237833
4058336529
189320521
146664996
3894778713
913306998
3435027376
439151526
749590129
3030208371
243396881
4041352691
3295560330
1431448092
3946797803
4035680775
88916552
66141272
3152485065
1661419988
1519151606
701686333
3754168401
1258036765
215168750
164145119
186707868
122845600
164067836
2983503507
306450233
3974881719
3787823956
4001189777
4005800141
1026542197
1942565088
169222928
1942182230
2574018496
768840697
3544591995
2294657909
3917342834
2510781887
3982668033
127047579
2906657255
3976491801
2592317220
124022933
308216292
388654289
280791962
190339204
2750756338
47337382
3914455113
720482856
3958457260
582106158
946761878
254378322
173230765
345675810
30777616
328764211
44895090
345878919
733476043
149997232
319414201
54433845
107951375
167185127
20522958
190006379
70252170
2424206832
388032029
151680411
193894944
174650423
3207675659
2917727691
621311169
404206255
1884888782
386082084
237429911
3961327761
918887658
246440198
2561087025
3958183516
343150395
2980256807
221195143
381058681
120333429
813885541
1228356938
234054071
1697784680
3293400470
2214663776
746172536
127369796
1232253362
2822651591
178828119
116919063
3929982317
495571801
477303631
165768488
244379024
3773311186
69045788
3391279757
2425342955
3903800417
3875777955
2477825312
1130789017
627558119
198693617
3613264343
123784908
226565660
143908961
1287380071
2470948368
169710156
120303373
757660050
140434489
2518313187
1163580026
49753381
2841715581
555528318
3796630882
302791862
3756153796
3817437689
885732241
150417947
608753937
735987793
358486763
229706178
3791091557
586574100
3698454439
1872567138
147317246
3734279555
3405200663
66671945
409713198
140435373
485647010
1554220392
227689167
479115042
115203685
123818992
3742402037
2998922581
321645841
628891974
547667290
876228283
189203929
3699643281
3712436716
792114500
3077370437
1170069925
46113182
1039998397
3678529402
484400843
3394070793
3621240677
204037049
317532634
89531471
3662964563
310913495
238372223
1923904128
1305881184
3317938018
1663553850
3579932542
2350662288
73432037
2612379313
703044654
3583772056
2871511983
259850620
3395415179
3483238889
332844857
151052330
304986463
3364358775
76107649
708623163
263882303
231991740
53552563
521357169
2160214928
122267455
154225689
166667896
562587674
155009611
3329361698
225170420
298895372
1419417642
633794269
1080711516
26836588
2401008819
126502712
1468821030
358535802
2187370266
200638138
3396213669
552843638
300900761
65210267
196225549
869302208
90148154
3555340096
2992120534
1006502966
1123928947
2457674556
2302001510
2939198735
423548539
274604842
372099400
173989761
186285217
189526901
44738124
2567267474
186254620
3386490119
703979474
414012639
353650988
1155637466
3430977341
1884471391
3404162511
3428898677
149978025
389519715
518778498
99844627
145420525
3232660354
866809848
236575930
2209940832
3438773109
923407154
346849076
952836150
244198827
16699684
3421516733
1539724926
3049789545
3433731472
702236834
403750326
2750128479
152043859
3403072115
3405651185
144848977
195333751
42097354
213524961
3433717313
391544827
3432694768
237589360
3320809242
1556496817
2590891690
766680002
182025561
277388588
2616324631
326588087
196830130
3420914806
3399712258
2688973942
3405831880
3410725479
184229117
256336614
138185381
228271971
3420713890
2629337644
2893903493
201136832
3071625795
149523777
3413460430
1146678732
310669815
3337764610
3313912454
796631119
3313874906
206362786
948792481
387862182
418832335
2922489676
370455343
374616624
238185977
182619063
3413964455
2744097767
208781496
125498070
1332154346
2281974017
145703017
208848176
502125208
3226640692
576589931
2611728216
2231796381
1138135118
3408984190
3392970712
332364054
358927963
3384650445
191007128
428472102
3404903603
194438565
715446769
2571659657
145735423
3403905465
425552508
144936653
2340893773
3389250423
1392783140
627985179
254580804
449881757
372518234
3396392201
2969113876
236051760
288947150
2411512686
1676358421
91931167
3264674721
444345781
3299719896
3395698072
824197034
120546051
3293157043
1160836184
150857903
218611964
3393080411
3287631114
547881860
713741503
2955927081
1912875090
56742582
1537146984
2352169472
305559031
2502090279
3330336280
370284726
3290693143
145037196
1130983992
3201112295
3354319516
2991064443
473318149
3043879473
2391395725
177577775
867051732
341798334
77778563
148975481
152661560
54752685
800988434
85175527
3374487160
308259774
308485489
149601212
2986806652
109142189
78506906
262892346
116590786
2938834377
2161969254
3368619202
1273671883
196255397
257226711
152784793
3024131427
65488214
1426260721
257477591
173698198
185038725
2800973136
80619377
68296026
389169878
285921709
820527300
314849100
1637912654
1599485940
133943856
2534667935
305413243
763804536
217980555
1435595946
2903049886
237004290
222540239
3268936003
487069149
1313682926
462294828
164554298
268845620
3363275651
3349266899
597183663
770051292
3360964155
978372727
630385421
3150153988
1705747436
290345869
610161671
178929799
278797605
3321873652
311826670
3294042273
215480670
188617097
3304930415
138849833
142096141
2829271715
3355127783
198680378
290888109
140193581
3349505758
3340153667
139933322
2718894137
3345994995
155250223
3299665756
67703625
810422665
1881195037
314976655
2361774263
377029637
1472229042
190828394
117911425
778374246
73594860
517781523
2410870038
582853747
392304017
1322972023
147451765
3325124884
2462567783
1364949415
390515946
750350629
97530816
402459655
501219099
254339006
212051970
474361265
316014640
1918688906
2966345895
3341300589
452626039
846097560
3335095811
3337201456
232024433
278795546
16393975
174876191
72121501
1044693127
1268341603
267469278
3315510105
358993115
425294694
3148096253
198293062
411028242
3319331813
2840914948
368609518
1239927270
3097266772
1122368322
46258342
200916629
1385268259
242468659
70259596
3299999889
3210484319
2301478048
1184672084
202029666
1406329489
185741152
429371818
268453137
563844796
741692851
1628193235
265049538
3098678253
714921809
130297248
3309282112
1548656760
162601085
94497115
236600453
251985443
3308009439
177386636
3307722221
250478007
754076893
315590463
70948462
3234235969
164402111
3173431990
3305262989
3300977338
228276390
2440138501
187274742
3306174675
2521533512
171110306
226025145
270524167
189705403
195243915
130104872
1176537642
3245194492
3290454863
182595279
3303279057
262872022
244136061
2912875402
1232659363
634789396
3302315709
603216887
2559762311
588750420
908030036
1681773134
509486905
897899606
167978210
161404600
53785021
3300544672
376395719
3300019930
1903903717
972704917
1586898096
3295546599
2511138666
1276357831
829631612
106893585
2924979101
222489177
3296739977
2734673884
227442631
548143547
2646558794
3293479108
381081685
387386532
606477639
304950390
344395937
1420650864
134280340
702119664
96808906
210547118
184184806
589517160
125135029
181391872
3170324668
428788655
216149437
612906317
137419053
3253834630
3253085735
90528727
184030906
2380333943
2862412679
3243563386
3157351563
719657078
954401106
803654468
323288651
2531529140
3165435753
134862395
164152018
378066302
2979240533
2148098173
556537942
2979669341
3243484907
1340849636
1387911025
2763586462
525461723
2691114152
2924181405
3135239668
1911985963
170697090
1119807078
1148059146
260060265
1360886869
169438365
154721544
2881252791
319304289
521847105
227040171
475962592
3195534424
101916673
86976715
201151392
262753596
388136929
1093719842
267050441
2527904490
934501332
151930181
2342366788
3183011508
3221986985
1490215459
758181354
304589154
3013106602
3224918692
3222227339
980895421
3221834703
380088319
2701896139
474491802
312828574
182084103
217936495
1060790251
3078815906
2853884798
724695643
100856099
157190746
410305689
732935510
88291429
119992726
436939128
257311100
376363240
727106714
961417908
232752389
485297068
377050777
1272987001
3190540791
3201192561
223457525
3198888592
3135221009
993189530
2885020895
252343023
469964062
319360488
184210830
501995143
3153638296
547444272
2443090806
1408960896
138901679
2576558362
213403418
3188557421
1884985975
150020835
18689518
214877509
3176646928
3184784782
618545468
1544116898
2378958972
2566317294
248727514
342832197
3179589394
2585873736
158583860
159486332
3178130109
164909499
774531912
1348301306
2259123568
3069220552
2850045568
278244053
792086520
3172660251
1630881487
2973703065
3154045819
420020483
3171428433
1191481375
2825164751
2781851872
96190072
115258204
358381314
365507026
196833542
3166509964
292488361
179359943
184073760
103475144
170911128
980614790
1061881633
892124928
179699390
2439367452
271729284
985592617
3164895105
550104568
828884130
414565312
384121016
2493748519
1523229936
2859702616
1641963164
308166362
3160769128
59348751
310546371
2318314043
2750920792
2381088970
58992801
109160570
526606857
3108104703
849798516
1707706742
3131226003
850339556
629717774
458926582
3152415851
1164793423
1692585174
105146233
248359704
471324875
2362399691
581327280
404930688
1152513421
3149528879
175559545
149603322
2986798930
207183344
3090321213
140859605
608754889
1458396858
1411921910
887792870
868762292
292995970
157845975
604945584
3133834061
3141791560
531404801
178865793
430652848
3137751806
3135472857
1239824738
2951483309
271816981
592267897
2666010601
254841786
811349605
3133176573
3132184312
3085216197
182941706
162612279
342491177
390592000
3131437283
1107549037
3131468206
2457368222
209704169
3066308583
263906807
586614278
146595912
1534985929
3122678322
476028242
2605263454
1689366973
3130052915
2993296137
1648859436
150022034
1330279718
889948579
239117301
586938222
450991865
2193192130
792186482
256256405
304714504
239623443
587676187
3105157512
432235558
1272601562
1137227108
215050124
1485038071
2915892297
1315212798
3017530238
14075539
286417283
238815546
1075633891
520905298
1376017398
2937097870
148403211
236629145
2949234196
1943708750
227861707
885588954
117288357
175955388
584148959
159586425
534293883
981614478
2529840936
3046960873
1478560104
44670302
298900809
2617762602
92373364
3103444228
199470321
190031204
3101849530
38581466
117563103
219515342
2951543919
195994666
413286580
114033800
2232175614
207301097
2808613396
245108565
293807102
361475798
412647356
849381312
309724668
212772762
3097430333
513976162
3096842253
3039421402
842966606
1072753027
171341822
2920988841
196808730
265067004
1271236208
451260781
568331509
1059564738
191305997
2369646638
827597562
2739620734
163140316
2943240257
337406232
133784394
283728373
398231893
254235674
896037283
115993382
176418432
608747709
195894219
3091772050
599871151
280220664
496922903
171769902
89777750
2398615052
202722934
3064940673
208084991
102422949
580233853
98155326
559819834
404387992
236917735
832012171
2885832040
2448777325
3081963081
2349071948
18361667
2149948134
1400501156
2760534683
259420540
366895381
1352857130
504957844
343387019
419903928
234118392
3080811891
189640963
3076426535
14279288
2480515428
2826895030
3073743377
588457690
339677748
309195600
286353636
2163316085
93240709
233667083
145303854
140274933
1385681078
2851211280
346222146
268631404
225083118
452926647
154589916
44978789
2851716819
632203571
272620275
149695133
1855700730
114870540
3066767032
718532353
3058020476
151299553
601549278
601257519
353354495
3050752788
408669647
320884408
140207188
2565516950
340057976
27733807
227509014
173768614
2381066553
276253646
472646073
257716127
454980629
301060952
2991035241
2766591520
319903503
1694019553
116863734
188855180
1169421656
251236712
2531758532
3059361209
2635086081
2946000473
3056753476
174401980
3037069682
950840168
2983484013
889921782
161747130
2806450815
40593544
1578422479
586677276
3010286033
208947141
325897457
241170863
2395179964
1658711226
2450247230
276370656
3028200091
254141188
2430480979
818576016
197627825
1691043954
3042178151
2823828561
251370211
248841695
1331667925
113484121
908947940
713178010
3037638125
304120601
3018732320
2344538460
131561075
2937670306
163182548
2987758833
725154704
201962837
273588125
2385383012
254808407
856877587
91329853
363897292
43262757
461299118
218198403
216532594
470700081
258191425
245944912
78981469
1016505979
345639666
159996742
177311618
715282591
338472040
2601963678
447656997
3021671487
562111908
235010866
87347976
2515552600
85454149
295049610
519271148
359481836
836659376
253842618
145488356
826105429
461278058
2977525905
206915256
257824175
335009477
2533804351
301565044
1636594406
181266778
69622362
226115433
753729162
333076996
138441775
918006668
830215807
3020200972
2502532060
322983272
440232701
58914818
73102768
279053409
282208371
294223310
2636632781
164958786
529563012
1663841738
207862777
461444554
354402366
606939356
3017646203
170084854
181669039
3002450938
152758241
304668699
3011571677
3012423267
2567549684
376559979
271752181
1321701163
417529550
3008012692
3004264025
394074551
257724759
396811486
3004469482
163603320
156406534
2815850318
128268026
1357072940
2990794216
148534092
837730459
2571834176
2742389356
400166240
83206934
2987666931
2500681792
145660312
2933964201
325193278
228924137
387670007
342202353
2984201981
818388404
2813813779
251433883
264426187
169215732
2812519229
998231274
151084931
2977602676
180162367
2868099688
2943257751
893788280
188882727
2907408155
2955578109
2907045327
2966183283
173953718
2891378965
72114470
2963189884
1326217729
1265362231
2514840849
2493268553
346091709
2955053835
880261136
2952909780
466227282
2937833915
2750842858
2946649097
1208387641
2943092799
2768517217
2941044917
2930006049
167151766
631602356
309413976
213800059
2928025881
1300149895
199329061
1414541191
431669267
1609245170
236169255
208676718
380053897
803511300
246512844
288580775
2703071371
304749077
160263616
120424747
1247500392
2453458475
143580147
2906986715
225914335
2905843197
198675927
1222976737
539261439
2606680923
241708771
318614225
2504724849
2854245958
374272848
2612509244
138340456
602354831
206388387
2583205085
67398170
2607000333
2729182391
2899432768
2735646191
46995682
104609232
372562399
152509077
2571441772
2894278827
143546140
2881452823
2888644954
2891655803
204847978
154014394
166827394
34812922
2377410758
1575760314
603103461
2210854166
122185149
2887581135
2842308682
1205127187
290242562
73644410
555649238
2886084953
2885878049
251947846
340084436
2885242198
2666091866
234462792
472335130
157491885
239040558
2883030707
92861366
2606331545
365047995
772127635
92248167
1486568286
178445653
2879541459
148981612
290848523
2200826265
1475342184
215910255
152815657
2327004664
2837830396
114968271
870380257
170066996
54795254
219515099
527602810
254352368
2866840300
187284400
2317161780
114487150
556888664
2864356618
2869255831
154251756
1506871194
1729456879
2474486132
2761185377
77265826
2885487445
919767212
1180305475
1116723198
291827218
2836826131
437005361
272378757
208794410
2853854547
2832572481
331971920
87243842
481428155
2780368871
434325832
474516964
2847362703
488733914
158786255
2766701409
2492403805
1321543483
254813747
594247572
264255743
911675738
218190170
209883615
2364671430
2840590036
175844732
159929134
2837973759
2838255094
141328335
2779233088
2809394068
2862564110
2209066415
219881009
2834431624
2832623919
2834507925
1426153554
316564325
2831703503
217650962
610547644
588771294
304207460
1151835032
2782684780
2537294319
860960629
589359008
166355694
2819988285
178226169
160371600
2817926626
2813830060
2845244143
813268914
1019778066
47001385
140993620
996101899
2811957928
557171089
971372905
387469012
493781198
2789032985
286368848
168729797
1932244920
213340342
14963244
71392782
286265383
1146466082
285270062
1158095857
2794546646
189285468
1865049246
2817098666
52905397
335595450
2792390620
1093942490
2830031778
2474609971
2789846387
547209036
2786153349
2793051450
1949404088
178022814
2784421810
275851013
148540819
297688746
1455987932
421355203
2751255911
1012157550
1468623535
554769093
999300955
393676998
109343431
874535214
101606897
2437235188
496516645
2382274543
627007210
59657476
220155033
267316433
2147888914
1033236344
2744957454
2763504777
1157822125
203267832
2548921878
130006743
116498526
354054384
198693981
207700658
1636494842
2806033158
182895175
196369045
243849047
985720986
2796766536
141061862
893957083
2800658720
1669388196
257302795
2272120906
173643710
2798574672
373624590
924153666
2764892183
175505450
893874961
2796806856
2178517281
823995998
139203651
768194287
1944016296
128067078
70758696
206441148
2787116820
2604439720
437834939
142056335
2405036275
2422341678
225438285
906459121
2753516637
180404671
524977858
2779762298
2507450207
465642561
1020712699
111457354
944838246
168997449
2776445887
836651244
194628712
2747367251
31053859
96898734
136101812
2418330174
575011241
16085609
2689567907
322974604
623110499
2477561509
249789986
1697756125
187732196
136497281
248892917
281746785
746281345
226340523
159990964
1383213944
65773677
282103919
957870133
2578205302
1079298464
1877480306
2516362807
2766025771
2731815164
2750344407
173549952
2759242482
2730315842
72028759
2358635850
50191607
2397642098
2636486764
2749463205
102923695
2744093842
2537213823
183857019
268196649
2710785860
577420133
199156526
431245491
2746931604
2747053657
1551636493
471547524
2343258436
1042833463
2419503332
2417643824
2740886120
162126796
1282153344
116306416
2733747657
2738790127
2737591687
1209903896
2149113373
2616050565
2734019084
118031175
2220490064
139230046
262228681
445072335
537359410
2452574415
197212633
206884963
1370696598
248426539
2184805476
584234929
349161102
142097934
1908746917
306597337
1416670650
2739907503
402076944
1602225360
2724765643
2591452302
219866829
226811244
1881389772
2510610732
2731723713
2738077031
589451253
307152340
2185372147
278825724
2481154735
1568152178
172838637
277837500
165264793
49495260
2683300843
348451829
381521672
2710998698
370849835
1145470082
2707921112
398463650
614104854
2367813915
2355297422
2327650272
2705099202
2732731059
2439881618
1247485165
74892950
1910041501
298309551
582270007
2196591784
2182779207
188948179
201000310
595742210
635049376
105592155
74727242
2727687755
151199022
428423393
293239189
290287683
2312585520
405296203
2686598486
378463814
2684077178
1115829836
134085245
2388479807
2680555272
1671917312
65955565
162145411
231539067
51764762
1325712907
1707611389
218329023
748188342
1647581281
134173634
2665884019
231497978
204893842
2480419744
165498996
162465200
224761857
848442428
738873530
809898038
2305558172
867282367
999892398
727236452
2712544739
2648676410
195507324
171712108
65909173
2704055392
1911486338
341810423
2610509232
275061272
151945976
140427716
154926573
180556213
2630628019
393529270
1579114158
968211193
1104302011
363721883
2626290848
315886112
66107790
379551619
156037699
268090779
35268239
2685187887
155726176
1588628612
209812295
2523801956
154810910
2676695134
2605809872
894330673
164279570
2480899371
1294658156
2510722783
2602448432
2592453730
443168953
617722878
339908039
372102027
467573810
2276450232
380621802
146662340
573259276
212894112
174284336
88111640
365199413
2653233293
1564120260
115505462
2647315587
2452366224
2590615195
2590407097
537385465
254232019
48851716
2514280136
1273420572
2437405591
74911685
320578272
240728943
2573979440
2629630491
2500006670
107595854
2387546580
2580650869
227399826
182854273
43250787
2355224268
340607967
335434105
278174955
2465388686
875769932
158504426
2574164424
226953284
164893605
2574666621
157071379
301628075
173218253
70992264
2569538166
165078242
119357702
2565628999
702089222
1777015363
326807652
2298763266
336281091
1029609320
343701488
2286933824
746453221
2563410030
2189099298
2562653395
219411672
165605671
2602614964
199447844
225264537
595790816
2524034887
2540381948
196299804
160041349
1141210231
197282785
1257006636
1632919129
100256702
200585107
1616557284
2555283992
257338694
345116616
2587109103
89996239
803777220
786046616
73194226
579342700
187364572
155380697
471259874
581961611
283812412
1566470527
2438824151
565630717
207504037
2541852049
2163375697
256788871
135253746
366118156
1155748628
259538262
610402627
145765495
1244434118
1401023743
142436208
592642844
1202484883
203725088
352027993
323920629
1007590915
547929188
75831815
942258836
375351091
2531043836
2530081063
184614864
2497742353
2565751661
318256647
901082251
391159041
155391787
497237282
142086869
524776927
2521501219
2520879565
186903432
2519100452
140502936
197570717
167931405
2555653949
196736097
2442743230
1036195802
822126158
173140174
150383840
113827015
2471981620
262904320
629115224
232076327
316910072
987421759
1163422158
2512151344
442061182
246078390
731539063
76811867
807021108
1118426238
309974019
2262649268
401054431
167628263
117295308
822962647
636674755
1164309696
343558724
2501856570
2438902214
838512642
1003120296
2258327012
138215650
792090714
2495338896
231410588
1429527763
234410409
527034231
2494353582
139890316
392790376
165903733
77213757
2539043487
535503174
203176834
153609472
2491277088
1039832184
2248008097
1434960204
62886664
2467040954
536725778
800291378
323475886
2296679881
763023716
78024744
2459045527
1009987435
288030186
510444690
196368203
187818527
2480739487
1614489368
865833650
713412740
1069515738
152492602
140111307
179235752
467451413
628998422
608734198
72686808
1934758224
359999980
900913352
1634496584
2520036549
189922122
516786115
2474025104
484519122
755950291
2461090002
2464934510
2418691699
792848268
2471652259
143221912
414509259
2405334788
222256591
128013856
68033119
164970559
873022538
234553922
96068630
1606950589
342472143
770899669
550216873
2414265558
132259163
290341359
2334484132
562169538
2226890449
150452633
339850863
404142467
322947313
121914663
299940669
260551826
2455850953
1637869928
2402318320
45361568
149989064
1173558456
154912492
2439127969
325093922
768562392
2490808343
1287532987
823427648
2338653204
63921698
109917852
139810695
151127761
106940674
2448739710
485379238
1021268298
2483860283
117840740
1679964534
921168613
809755104
344377516
96539995
247379985
2444428700
2294703242
2445575796
171142222
2382307278
1058203112
484202583
796678718
1203640249
181361197
167183435
180986367
566889984
2482325404
625908907
2437721077
324085739
2440513698
2439228968
146582038
2435556260
367913948
2434031426
232057873
1365671887
279873321
815096984
257174145
137556076
759301700
36216937
199098903
304135972
1140840126
2437418179
1444509134
1323815216
254731821
167442873
586752925
1277542292
2436929245
304427175
792681529
208596234
247416572
521876120
167043003
809804245
118196439
57530389
57798537
500098676
145463256
2470480391
633755293
540368336
2433024440
716496069
90084692
2368334760
366710384
1387744266
132302174
1183359308
2204803579
186905081
859049700
1543334252
2406010322
59997841
1640916308
54807825
162944514
2468783883
144699390
475295700
69475536
524014210
53684566
69697266
430766507
1287450930
2432784642
439792922
2432584842
136087775
395611792
140520131
487156480
140858949
158926739
540845974
2444098180
1434381913
149914553
277560026
2232122996
273105546
226833244
183740239
266125375
1018681021
255283496
149769649
2426186726
335436332
2424440971
260062887
565612740
2422906759
103289683
153425991
399118867
174919374
151606998
342850273
888731070
348491380
1679595570
2382786253
2150388640
362259549
255654387
1099025988
2181491729
2410324104
385684626
1703659728
47737799
2417919992
964677204
70547953
2417497290
2443703392
102444776
113385803
2288411620
349853034
374809810
1709718218
27545654
2397076658
349328297
346683416
1549603574
163663461
95732542
65738625
1445042095
523747519
44687038
1862071830
377444778
258935935
402952918
765981032
372598612
386273955
206333468
182584599
920033252
173545618
124297668
469529673
273097357
2275370124
935997990
2244458756
1173738230
549616975
135600325
243052171
332691364
335053958
274214025
277110516
475074747
200349838
1339903915
177052971
232397401
590264765
1315249406
87513895
331338114
165654624
226458124
187456066
339940094
162930439
254326055
377691842
2412669463
415912684
164496785
337179693
184245710
251837325
140945927
2228432455
328223615
2208062287
389193400
53450639
44530442
343624150
341662798
49363571
450159586
286422604
2395332692
163985739
138139251
260111747
53530110
1353188262
2404833524
129663174
204152389
764195570
2293676702
830217398
67899777
107793871
255271414
588505685
149756961
2402299710
399117881
298216126
208613014
308243426
224850081
294686772
286963512
189254999
359757529
587897120
220046458
252171265
795265458
184958614
222335000
288404191
348802247
331929752
163248931
210199402
135905027
373063808
275788330
137001591
595964470
194825700
78737642
103702889
147054863
98901212
915399944
44978263
137884967
156789488
370943257
160375005
109151153
137094204
155350553
441384726
172456902
161933803
111754797
79652822
165868689
179730004
161879935
227481608
1648621766
163664335
186123910
186572990
1956948606
77767365
630790117
280728573
405894248
199522701
222163274
206892073
180578457
275632515
286192767
1152649364
486753760
381317600
273136306
192404413
218371872
1924163502
338021071
72672817
468951916
1588867956
116650792
2304458931
185015406
2280088699
590700873
2400777415
149552620
254325219
1301137704
705943615
169169579
167935999
24584657
978762169
351247595
169683435
303488001
529686774
105365205
187566556
487923588
206746684
126928752
109756861
706741660
417591565
555518335
105372188
76960423
105242447
185470057
711323618
344442025
182942145
99776445
1538176159
1581860082
123302796
460785054
1340001956
522554820
307090761
563690758
48845034
468251799
124667998
180608301
137804490
119130396
180584381
1488959838
121216752
123374740
75630472
265898232
218387009
86952695
702351001
2400629040
1537966796
157159557
365520700
258873144
324533802
167947405
114751245
1071939481
300662967
161165130
83941744
258578982
1228005080
171142112
170587559
363163570
253398502
149171489
77500401
1035069373
174405789
271758664
2309148199
420543951
191677379
1660298654
162195494
389165346
46091794
50036290
840475639
134300853
180973837
517227102
505086445
90291550
202427673
281788944
513970919
263944318
166633972
194832664
189589263
323482112
336316370
263438653
618659084
145789168
157418655
171182895
30025730
593022568
140514983
2424037841
919326480
375869823
2403713253
288473189
227575902
299328647
440544063
441320935
493250317
1551838092
560562423
396043516
122872126
114062543
248696937
790614696
370158619
194782805
269551656
2183677251
511183631
167622768
1040637060
48067189
1570759034
196249324
165481306
240986038
380477920
98230730
259996469
240576466
515895663
229688790
1177239654
381023394
63208924
174420742
47967901
186495597
278531478
73223474
277220145
1237333675
187350710
258938927
41956814
312378961
1526163998
148920480
2281436545
386949003
1095883825
226274903
520085966
36856273
2191712391
940105080
228397034
598877998
167795061
905102792
87493442
1705807759
186514768
249826373
286899096
171099729
143903601
133985028
2200331089
162761930
236151445
136837904
32235293
591534465
275686847
164463118
258883482
2166408517
512530088
143637685
217215305
105603666
268801499
201346747
329260250
49458626
1726883689
221017956
2356610474
277767025
2303372676
1433230520
2375523498
98898151
68303907
196316456
189293621
62569026
237142741
181583164
189199533
2406131992
99611669
1471390268
145483887
2385472398
151757934
138055041
212616259
1911209905
1714565413
2269091172
196717471
392539973
1616013162
134214884
939631344
755921682
370624130
901848541
286464546
1223519766
1476222414
177041402
40588605
1000778155
230349734
799118876
2179599412
189581821
2379435918
716823307
795196428
64573689
1246842720
2376622478
1365540631
146677458
249393474
29113586
1849338014
1584753452
2340825524
2369389541
700247090
180974229
244549696
489528516
184063611
173646306
1624622432
2370928242
165082811
452295672
2369355102
2353447217
245198719
300050320
108621752
103863178
2363080051
301817099
2359410918
177734226
167858738
181027634
174523548
108874863
249931301
516850246
1129996579
242195182
1871977934
2362102317
284578173
539618806
116343175
362819992
785964846
164862721
138246670
1546369286
100278597
1902231452
607828392
294289933
328646938
2324533201
502086069
72147308
1046960684
392181220
156661579
240496969
128386869
294010772
73774689
167574779
401021608
386342371
2348150898
1184610716
314710622
108521555
768815202
104051216
109330550
249426593
37740553
147373356
2345913555
871630062
286276827
1898288844
148945765
2193544901
128396314
283166105
151624551
1020407647
272128791
171093006
246607742
369084311
512501905
229674068
119044757
228100851
525784142
155407739
343824815
439782113
36246263
2333021836
186165785
1506094256
36487076
224700128
1508190205
2324980208
221127789
2176339537
405830688
76993155
1312508305
794131104
473438758
256343163
928437787
118442408
558020198
902854524
304156249
160717944
581091734
446382305
2326475131
75148152
212562820
122163711
241715442
2324696700
285864649
130241772
1463256494
347665998
105371872
43768185
162900322
2317505295
42247929
2314817985
140103502
178575371
896326070
280211098
401416911
1321656559
2316107156
91964116
350016484
2313032540
518193442
1925465340
76406740
513404917
450384959
261903824
1664163288
1635627644
153207986
2177434223
2305763389
493689079
259739875
557115150
1088871834
2296111351
2290363205
549775511
1682094854
515649018
733963663
630665861
197063565
140875368
706757811
472428981
127068773
336867651
155405673
2214490622
1591881954
2282574745
207324446
2267391161
73953764
147688583
450768585
215805182
129312228
2273604884
2264790374
138506908
1180099297
152865389
169611674
263923439
974646162
234570642
783540024
382266122
1881806084
2261489780
2250597506
2259204643
709548638
155363528
2196698722
2256080382
175285110
2253746390
566944957
615901446
286188758
134690304
776977350
196368556
78439618
2244900091
449412376
430799618
2242473133
479125583
756384614
705418986
147300323
307532616
241715446
1376020111
722992374
1095819836
340082013
331800184
912363355
2178097715
198317159
2235152965
181422497
257574307
259470825
420335634
332647199
202264653
115162657
868882292
555446941
229700092
126208175
201389861
2227009604
464275208
305925249
174069671
1961166104
128697170
150069657
193802676
366938928
2219902338
350581606
88048186
2226627649
141775042
1408560822
2223786643
1570592786
208898962
405907858
205008216
574609149
1061970607
218133297
196460774
73384494
2211287376
29869007
158586371
170396366
128700385
172461780
599475823
326238890
227025985
195011773
599612551
171810397
50938200
1440904364
111071120
476349958
347610974
1481328512
1535604326
197509024
328228218
783352963
315536298
111343042
702460438
58892047
2181371060
100129009
1461937944
171351427
53404520
2187312931
371436772
2186557590
574539359
2174335246
724534308
137058042
1091246101
549729434
97836955
329469404
2169424798
2173204363
862410866
2165502622
306947934
2172493993
1636382611
128365974
377104427
471756064
357121781
1447700136
883253574
248277145
996017504
271262780
226416683
99815150
308674448
70500676
334942531
313520827
111995017
862509109
243246662
2160177493
1023002696
325331006
399804999
134931205
574644886
446546805
497112572
89022437
292091055
285587768
265113626
189608753
2149029133
113632473
277112760
1400303311
58296457
1002197768
128950216
80707816
1968108360
1925681832
1319277224
917369454
136469991
1890636822
36519765
1963448006
1961652504
216602968
384049839
219976810
305739129
963584466
1598918966
128356330
1691026728
707314054
392528342
1949195964
1889754402
348146773
140583315
199910441
148452045
460333096
1035286170
64426305
226356761
1936145780
1244909672
1098709292
177341625
1359618145
167987101
1371995022
145338310
254351263
169125315
336321944
171229037
179308936
150452680
105915525
344845062
338706123
1873317552
1918107433
908771556
208388590
163074298
94371301
210626304
116308151
228457822
361897782
1895661636
159355076
1892368922
1659008935
161365276
168200634
560057277
133901302
189382759
53392867
590536460
1885214695
390314079
199781285
64920755
334691063
238381047
1601675053
171735353
1431176736
341241538
79049275
1875990312
104900488
397611205
931470482
234653432
256738996
1860798415
382625693
567816325
1309303076
207678416
1138595143
1854467550
330434331
217140233
1211893430
1676273760
284550617
108342029
417988987
344397351
511080995
240961540
1735383068
284639704
139183310
1594462122
946923768
1641619158
204829779
281232560
180877856
291426980
1727590722
67973354
318190257
823438423
64917517
1118220248
208870930
827005285
254300529
258469671
170922363
492750810
371144225
497431337
74221465
119801393
150465490
308237477
190124805
1424050214
1700168167
624394733
213387611
464032541
1694877806
1656170756
1686593186
591296291
263227055
348617038
171357275
1683519596
104723662
309363416
1525574978
368656323
803458712
570305251
222501888
1674011294
558904642
296442500
150764739
274671173
1442226811
101124114
566863564
86976207
32234133
179542135
627934673
166661789
31552131
839124859
1599951751
1110461964
246984251
1665513398
362951646
1665428077
190268684
842901157
290681554
221792466
162516677
1660626769
451214246
130048711
306970918
147668087
376399576
213779762
254356188
521603506
191686467
387284341
906514843
187026343
1584572742
1635457410
1636826678
47104211
150095109
226296232
340041200
245046975
1628191016
109852669
857392075
1221349608
889317140
116859736
200378947
187250524
314073208
110564779
1611651224
147706246
529028473
269837196
1613467249
188141886
809928992
493621076
401473212
112907440
98049001
1605969488
69151326
1382520745
83682992
1597211138
1604308128
627911740
36836312
457264526
107590068
162184518
755950404
226150801
1436057268
722806255
179012089
203681359
200362620
1516407086
1446781428
1598899356
43266989
279594932
65799935
196621870
294964826
1591423567
612793193
392899537
141421743
1558963472
124830116
313580335
175847894
564130507
186062456
349783763
1416362658
1417653817
405973921
152510795
156103365
380093028
165197059
461731517
289459056
1584157201
289548694
430797323
186267989
172465488
1031855370
558830347
369831517
203091316
197303142
1317473310
1581594456
272496795
314323439
172418833
31246294
108185907
270075103
282351472
942209162
143289205
467891819
218232776
107873018
1004940697
1564023660
184882916
306585209
352461528
1579093704
373069317
466678083
160387435
53743463
226442519
274816935
192377636
313621915
184204056
192964496
226836437
72413491
729216320
546207297
250506819
252873180
97509468
97801176
1578571850
1577798676
130394846
1576554290
1385727110
140484482
1496830939
167808157
30906925
723045944
175216970
205678292
1532732718
1242802398
63881764
126704013
475425638
1352831497
1561374260
395048854
269616734
485217278
337462942
807658568
162883514
119048340
1266217212
621952198
257152130
297502929
1315739390
1554010110
292552182
1540982695
187676774
43081259
1321663987
179666107
218229704
1426816303
157775858
1464593629
240417393
625061237
210660762
1362202916
130987758
193443955
167687098
1542034760
182216137
342887617
260118508
91922966
201345540
1497020628
45284016
359377284
457082361
105154814
100672059
260999073
492511416
25578005
1528060333
245637058
209308980
132658556
1374451878
165242450
107605108
210621861
1119868351
126747273
305575967
1435747039
188808143
1517529296
1187113634
952679977
70305163
208551450
1513851085
149324462
521819640
116504023
183918416
325788715
393791381
345566711
154618685
1016501430
621444186
1497487459
170114852
188177201
327183347
213743510
80096199
305335467
309137786
328544585
330523481
370529049
155335849
1275413863
876485532
1464723092
158942211
158479245
796963290
1345783548
1113017648
829673215
700180290
416451856
1428685808
811745340
74535399
260380986
758047494
148057286
1467760674
468690677
200329263
240077995
538944761
1048554164
355116118
1424213250
77258196
199061704
119217199
407381438
196790730
235805313
60745937
80697927
180966354
159330485
167162759
395438603
1426599482
923966898
872448644
408883807
58239607
173308202
1270104264
977252053
187747425
314609476
86642235
185185703
1443972150
534588585
120568136
141251296
141818991
23373126
1431899185
1277439565
234497639
149279677
88469539
196342568
851884634
112584383
380658688
217267922
935904486
212405062
197200679
62631451
158832766
1398348720
150823651
238415127
152736402
422778101
1005000481
973081374
578475850
1276722055
470349582
283822646
262917559
100813862
167963224
503928224
212699148
475054176
120181992
1317268298
28445891
1401054830
254702851
167976867
28459723
295323218
443045320
224942875
1405524024
1342590037
380608171
1323779172
1101710138
731879064
595867273
101961373
422209635
149334503
80427033
631537845
1403524357
100050825
244372618
731965664
184139964
1389708962
173525614
154299859
183457225
499037364
193725730
166441695
729690409
266990571
469485746
199322074
1267684675
166351239
1301018864
546398051
332357396
596708728
243318534
922121136
757566864
346764291
467917056
164075914
56058060
168725465
218263327
1186821582
220875296
226665918
148050347
83296479
1347316980
160714189
753111991
1327077486
180817926
499826963
364309485
139746420
260692507
1341942626
86176744
233034257
381881129
197725828
174422465
353026688
233342276
1265672467
229331204
1343149440
132640381
196340476
154377009
1255382520
94260909
1287389580
320498763
297714025
607804708
221963183
423112712
73415449
401132961
253331103
190761648
759927865
293200090
1339961894
128476161
397297611
187252642
175260499
383104540
202174244
179617785
264681687
154267722
343376204
136706859
715824326
142518234
418978426
732088358
137434470
946326314
619507628
503144440
243301426
64324011
277648520
1143222606
879199933
165206035
516592230
206952870
363990544
345058554
385202144
818454991
362815416
416475792
316837825
1288622112
128059428
311510695
402879538
295225897
601515109
79866986
195582277
568695371
163139160
732785372
29508737
1311375206
221987000
40010602
396929405
345583794
460951462
150354618
225228803
278221381
201413264
267807100
227564696
285964666
71430308
1321124750
123713218
190234684
143622661
154598392
865537453
146244315
148939963
1069980768
165492516
232569886
342414266
126118605
161324022
35858608
608255380
73166563
105043881
271235314
284248964
113520482
139259695
79557215
263057381
168710079
535804324
1319103732
248956820
421505812
874528080
316833201
142836409
512001643
71943361
193789431
1215900313
920117971
34497032
317087485
198368697
533561363
1263453114
145262233
220277203
378264969
199682741
227713440
29189224
138162719
324368489
127066112
106300838
1112232151
196385948
239418235
223662534
238825598
184987452
116331033
194392414
74773289
365042088
213091916
